0.1827956989247312 0.21505376344086022 0.22580645161290322 0.20430107526881722 0.17204301075268819 
0.13924050632911392 0.189873417721519 0.26582278481012656 0.1518987341772152 0.25316455696202533 
0.18518518518518517 0.18518518518518517 0.24074074074074073 0.18518518518518517 0.2037037037037037 
0.17886178861788618 0.1951219512195122 0.17073170731707318 0.2601626016260163 0.1951219512195122 
0.18055555555555555 0.2361111111111111 0.18055555555555555 0.2361111111111111 0.16666666666666666 
0.19402985074626866 0.19402985074626866 0.16417910447761194 0.208955223880597 0.23880597014925373 
0.14035087719298245 0.14912280701754385 0.21052631578947367 0.40350877192982454 0.09649122807017543 
0.11920529801324503 0.12582781456953643 0.13245033112582782 0.4966887417218543 0.12582781456953643 
0.1258741258741259 0.15384615384615385 0.14685314685314685 0.43356643356643354 0.13986013986013987 
0.16666666666666666 0.10784313725490197 0.19607843137254902 0.38235294117647056 0.14705882352941177 
0.1509433962264151 0.1509433962264151 0.16981132075471697 0.41509433962264153 0.11320754716981132 
0.1830065359477124 0.11764705882352941 0.1503267973856209 0.3660130718954248 0.1830065359477124 
0.13714285714285715 0.18285714285714286 0.16 0.33714285714285713 0.18285714285714286 
0.16483516483516483 0.15384615384615385 0.17582417582417584 0.38461538461538464 0.12087912087912088 
0.13924050632911392 0.20253164556962025 0.3037974683544304 0.189873417721519 0.16455696202531644 
0.15789473684210525 0.16666666666666666 0.19298245614035087 0.32456140350877194 0.15789473684210525 
0.18032786885245902 0.16393442622950818 0.3114754098360656 0.16393442622950818 0.18032786885245902 
0.10909090909090909 0.13636363636363635 0.33636363636363636 0.2 0.21818181818181817 
0.09316770186335403 0.38509316770186336 0.21739130434782608 0.16149068322981366 0.14285714285714285 
0.18867924528301888 0.22641509433962265 0.16037735849056603 0.2641509433962264 0.16037735849056603 
0.22093023255813954 0.16279069767441862 0.27906976744186046 0.1744186046511628 0.16279069767441862 
0.16666666666666666 0.19696969696969696 0.2878787878787879 0.15151515151515152 0.19696969696969696 
0.11004784688995216 0.17703349282296652 0.20095693779904306 0.2822966507177033 0.22966507177033493 
0.1319796954314721 0.14213197969543148 0.3147208121827411 0.2233502538071066 0.18781725888324874 
0.16304347826086957 0.21739130434782608 0.2717391304347826 0.13043478260869565 0.21739130434782608 
0.2248062015503876 0.17054263565891473 0.24031007751937986 0.20155038759689922 0.16279069767441862 
0.18518518518518517 0.18518518518518517 0.2222222222222222 0.18518518518518517 0.2222222222222222 
0.17543859649122806 0.14035087719298245 0.3333333333333333 0.18421052631578946 0.16666666666666666 
0.1368421052631579 0.21052631578947367 0.17894736842105263 0.29473684210526313 0.17894736842105263 
0.18571428571428572 0.18571428571428572 0.2571428571428571 0.2 0.17142857142857143 
0.18518518518518517 0.18518518518518517 0.24074074074074073 0.18518518518518517 0.2037037037037037 
0.1927710843373494 0.14457831325301204 0.2891566265060241 0.20481927710843373 0.1686746987951807 
0.125 0.25 0.2125 0.1875 0.225 
0.1885245901639344 0.1885245901639344 0.22950819672131148 0.1885245901639344 0.20491803278688525 
0.13978494623655913 0.17204301075268819 0.24731182795698925 0.25806451612903225 0.1827956989247312 
0.17333333333333334 0.18666666666666668 0.24 0.24 0.16 
0.21621621621621623 0.1891891891891892 0.24324324324324326 0.17567567567567569 0.17567567567567569 
0.1927710843373494 0.1566265060240964 0.24096385542168675 0.24096385542168675 0.1686746987951807 
0.14189189189189189 0.28378378378378377 0.21621621621621623 0.21621621621621623 0.14189189189189189 
0.20930232558139536 0.12790697674418605 0.27906976744186046 0.18604651162790697 0.19767441860465115 
0.15789473684210525 0.21052631578947367 0.2236842105263158 0.19736842105263158 0.21052631578947367 
0.1896551724137931 0.1724137931034483 0.25862068965517243 0.1724137931034483 0.20689655172413793 
0.2235294117647059 0.16470588235294117 0.21176470588235294 0.23529411764705882 0.16470588235294117 
0.13157894736842105 0.18421052631578946 0.35526315789473684 0.14473684210526316 0.18421052631578946 
0.1568627450980392 0.14705882352941177 0.28431372549019607 0.23529411764705882 0.17647058823529413 
0.17543859649122806 0.19298245614035087 0.2719298245614035 0.18421052631578946 0.17543859649122806 
0.2706766917293233 0.15789473684210525 0.21052631578947367 0.17293233082706766 0.18796992481203006 
0.15492957746478872 0.15492957746478872 0.16901408450704225 0.18309859154929578 0.3380281690140845 
0.17543859649122806 0.17543859649122806 0.22807017543859648 0.19298245614035087 0.22807017543859648 
0.15384615384615385 0.14423076923076922 0.10576923076923077 0.25 0.34615384615384615 
0.19047619047619047 0.1746031746031746 0.1746031746031746 0.2222222222222222 0.23809523809523808 
0.30120481927710846 0.1686746987951807 0.1686746987951807 0.14457831325301204 0.21686746987951808 
0.18571428571428572 0.17142857142857143 0.18571428571428572 0.24285714285714285 0.21428571428571427 
0.203125 0.171875 0.15625 0.203125 0.265625 
0.17894736842105263 0.18947368421052632 0.15789473684210525 0.16842105263157894 0.30526315789473685 
0.12142857142857143 0.11428571428571428 0.22857142857142856 0.15714285714285714 0.37857142857142856 
0.13725490196078433 0.13725490196078433 0.13725490196078433 0.24509803921568626 0.3431372549019608 
0.24242424242424243 0.16666666666666666 0.19696969696969696 0.18181818181818182 0.21212121212121213 
0.18181818181818182 0.17045454545454544 0.2159090909090909 0.17045454545454544 0.26136363636363635 
0.1827956989247312 0.16129032258064516 0.20430107526881722 0.22580645161290322 0.22580645161290322 
0.17894736842105263 0.14736842105263157 0.1368421052631579 0.11578947368421053 0.42105263157894735 
0.19672131147540983 0.19672131147540983 0.22950819672131148 0.16393442622950818 0.21311475409836064 
0.17567567567567569 0.16216216216216217 0.20270270270270271 0.17567567567567569 0.28378378378378377 
0.18085106382978725 0.1276595744680851 0.18085106382978725 0.2127659574468085 0.2978723404255319 
0.17894736842105263 0.2 0.11578947368421053 0.17894736842105263 0.3263157894736842 
0.21052631578947367 0.17543859649122806 0.19298245614035087 0.19298245614035087 0.22807017543859648 
0.2536231884057971 0.18115942028985507 0.13768115942028986 0.21739130434782608 0.21014492753623187 
0.1686746987951807 0.1927710843373494 0.1566265060240964 0.2891566265060241 0.1927710843373494 
0.1935483870967742 0.1774193548387097 0.24193548387096775 0.1935483870967742 0.1935483870967742 
0.1724137931034483 0.1839080459770115 0.1724137931034483 0.14942528735632185 0.3218390804597701 
0.21686746987951808 0.18072289156626506 0.14457831325301204 0.1927710843373494 0.26506024096385544 
0.13043478260869565 0.11956521739130435 0.2608695652173913 0.20652173913043478 0.2826086956521739 
0.20930232558139536 0.16279069767441862 0.21705426356589147 0.13953488372093023 0.2713178294573643 
0.20588235294117646 0.16176470588235295 0.22058823529411764 0.20588235294117646 0.20588235294117646 
0.18012422360248448 0.19875776397515527 0.16149068322981366 0.16770186335403728 0.2919254658385093 
0.1780821917808219 0.1917808219178082 0.2328767123287671 0.1643835616438356 0.2328767123287671 
0.21774193548387097 0.16129032258064516 0.16129032258064516 0.1532258064516129 0.3064516129032258 
0.18181818181818182 0.19696969696969696 0.22727272727272727 0.18181818181818182 0.21212121212121213 
0.14634146341463414 0.17073170731707318 0.24390243902439024 0.15853658536585366 0.2804878048780488 
0.20481927710843373 0.1686746987951807 0.20481927710843373 0.1927710843373494 0.2289156626506024 
0.20261437908496732 0.1437908496732026 0.11764705882352941 0.1437908496732026 0.39215686274509803 
0.1935483870967742 0.1774193548387097 0.27419354838709675 0.1935483870967742 0.16129032258064516 
0.13924050632911392 0.189873417721519 0.17721518987341772 0.1518987341772152 0.34177215189873417 
0.2111111111111111 0.12222222222222222 0.24444444444444444 0.14444444444444443 0.2777777777777778 
0.18181818181818182 0.2 0.21818181818181817 0.21818181818181817 0.18181818181818182 
0.15873015873015872 0.20634920634920634 0.2222222222222222 0.15873015873015872 0.25396825396825395 
0.12264150943396226 0.16037735849056603 0.1792452830188679 0.16037735849056603 0.37735849056603776 
0.17045454545454544 0.2159090909090909 0.17045454545454544 0.20454545454545456 0.23863636363636365 
0.1625 0.1375 0.225 0.25 0.225 
0.16312056737588654 0.15602836879432624 0.11347517730496454 0.2624113475177305 0.3049645390070922 
0.1506849315068493 0.1780821917808219 0.1917808219178082 0.2054794520547945 0.273972602739726 
0.16216216216216217 0.16216216216216217 0.24324324324324326 0.17567567567567569 0.25675675675675674 
0.1891891891891892 0.13513513513513514 0.25675675675675674 0.14864864864864866 0.2702702702702703 
0.18867924528301888 0.18867924528301888 0.18867924528301888 0.20754716981132076 0.22641509433962265 
0.189873417721519 0.13924050632911392 0.22784810126582278 0.1518987341772152 0.2911392405063291 
0.1791044776119403 0.19402985074626866 0.19402985074626866 0.16417910447761194 0.26865671641791045 
0.2 0.26666666666666666 0.16666666666666666 0.16666666666666666 0.2 
0.16129032258064516 0.1935483870967742 0.1935483870967742 0.1774193548387097 0.27419354838709675 
0.1694915254237288 0.1694915254237288 0.1694915254237288 0.22033898305084745 0.2711864406779661 
0.13559322033898305 0.19491525423728814 0.17796610169491525 0.16101694915254236 0.3305084745762712 
0.1652892561983471 0.23140495867768596 0.15702479338842976 0.1487603305785124 0.2975206611570248 
0.16216216216216217 0.13513513513513514 0.21621621621621623 0.22972972972972974 0.25675675675675674 
0.1827956989247312 0.15053763440860216 0.21505376344086022 0.24731182795698925 0.20430107526881722 
0.1223021582733813 0.12949640287769784 0.22302158273381295 0.17266187050359713 0.35251798561151076 
0.2125 0.1625 0.2 0.2 0.225 
0.2222222222222222 0.15079365079365079 0.10317460317460317 0.23015873015873015 0.29365079365079366 
0.15789473684210525 0.16842105263157894 0.15789473684210525 0.30526315789473685 0.21052631578947367 
0.18840579710144928 0.17391304347826086 0.17391304347826086 0.2318840579710145 0.2318840579710145 
0.20967741935483872 0.1774193548387097 0.22580645161290322 0.1774193548387097 0.20967741935483872 
0.23333333333333334 0.16666666666666666 0.15555555555555556 0.26666666666666666 0.17777777777777778 
0.1794871794871795 0.16666666666666666 0.21794871794871795 0.15384615384615385 0.28205128205128205 
0.20430107526881722 0.11827956989247312 0.1989247311827957 0.27956989247311825 0.1989247311827957 
0.1794871794871795 0.15384615384615385 0.28205128205128205 0.23076923076923078 0.15384615384615385 
0.2727272727272727 0.11229946524064172 0.20320855614973263 0.29411764705882354 0.11764705882352941 
0.18421052631578946 0.17105263157894737 0.27631578947368424 0.17105263157894737 0.19736842105263158 
0.2033898305084746 0.1864406779661017 0.2542372881355932 0.1694915254237288 0.1864406779661017 
0.22033898305084745 0.1864406779661017 0.22033898305084745 0.2033898305084746 0.1694915254237288 
0.20430107526881722 0.20430107526881722 0.21505376344086022 0.20430107526881722 0.17204301075268819 
0.18461538461538463 0.2153846153846154 0.18461538461538463 0.2153846153846154 0.2 
0.23076923076923078 0.16666666666666666 0.1794871794871795 0.20512820512820512 0.21794871794871795 
0.1780821917808219 0.1643835616438356 0.2602739726027397 0.1780821917808219 0.2191780821917808 
0.3013698630136986 0.14383561643835616 0.18493150684931506 0.1232876712328767 0.2465753424657534 
0.32038834951456313 0.11650485436893204 0.18446601941747573 0.1650485436893204 0.21359223300970873 
0.24444444444444444 0.15555555555555556 0.14444444444444443 0.2777777777777778 0.17777777777777778 
0.449438202247191 0.17228464419475656 0.10486891385767791 0.12359550561797752 0.149812734082397 
0.32065217391304346 0.11956521739130435 0.15760869565217392 0.20108695652173914 0.20108695652173914 
0.18571428571428572 0.18571428571428572 0.21428571428571427 0.2 0.21428571428571427 
0.21739130434782608 0.14130434782608695 0.1956521739130435 0.20652173913043478 0.2391304347826087 
0.2692307692307692 0.1794871794871795 0.19230769230769232 0.14102564102564102 0.21794871794871795 
0.25316455696202533 0.13924050632911392 0.189873417721519 0.189873417721519 0.22784810126582278 
0.17391304347826086 0.17391304347826086 0.2318840579710145 0.2318840579710145 0.18840579710144928 
0.1935483870967742 0.1935483870967742 0.20967741935483872 0.22580645161290322 0.1774193548387097 
0.14925373134328357 0.16417910447761194 0.22388059701492538 0.19402985074626866 0.26865671641791045 
0.2033898305084746 0.1694915254237288 0.1694915254237288 0.1864406779661017 0.2711864406779661 
0.3584905660377358 0.16037735849056603 0.14150943396226415 0.16981132075471697 0.16981132075471697 
0.1875 0.16666666666666666 0.13541666666666666 0.16666666666666666 0.34375 
0.10752688172043011 0.1827956989247312 0.0913978494623656 0.25806451612903225 0.3602150537634409 
0.15609756097560976 0.13170731707317074 0.0975609756097561 0.1073170731707317 0.5073170731707317 
0.136 0.184 0.112 0.216 0.352 
0.24615384615384617 0.16923076923076924 0.15384615384615385 0.16923076923076924 0.26153846153846155 
0.14893617021276595 0.2127659574468085 0.2127659574468085 0.18085106382978725 0.24468085106382978 
0.1511627906976744 0.11627906976744186 0.16279069767441862 0.18604651162790697 0.38372093023255816 
0.2 0.1523809523809524 0.12380952380952381 0.18095238095238095 0.34285714285714286 
0.14102564102564102 0.19230769230769232 0.21794871794871795 0.23076923076923078 0.21794871794871795 
0.12195121951219512 0.21951219512195122 0.1951219512195122 0.14634146341463414 0.3170731707317073 
0.1724137931034483 0.1724137931034483 0.22413793103448276 0.1724137931034483 0.25862068965517243 
0.18032786885245902 0.18032786885245902 0.21311475409836064 0.18032786885245902 0.2459016393442623 
0.2037037037037037 0.18518518518518517 0.2222222222222222 0.18518518518518517 0.2037037037037037 
0.11811023622047244 0.2047244094488189 0.18110236220472442 0.11811023622047244 0.3779527559055118 
0.1724137931034483 0.1896551724137931 0.1896551724137931 0.1724137931034483 0.27586206896551724 
0.16393442622950818 0.22950819672131148 0.2786885245901639 0.16393442622950818 0.16393442622950818 
0.1651376146788991 0.13761467889908258 0.1743119266055046 0.1651376146788991 0.3577981651376147 
0.14285714285714285 0.15476190476190477 0.23809523809523808 0.21428571428571427 0.25 
0.11290322580645161 0.20967741935483872 0.12903225806451613 0.1693548387096774 0.3790322580645161 
0.18666666666666668 0.17333333333333334 0.21333333333333335 0.16 0.26666666666666666 
0.13392857142857142 0.16964285714285715 0.19642857142857142 0.13392857142857142 0.36607142857142855 
0.14606741573033707 0.16853932584269662 0.1797752808988764 0.14606741573033707 0.3595505617977528 
0.17543859649122806 0.11695906432748537 0.09941520467836257 0.19883040935672514 0.4093567251461988 
0.1005586592178771 0.13966480446927373 0.18994413407821228 0.1340782122905028 0.43575418994413406 
0.18478260869565216 0.16304347826086957 0.17391304347826086 0.21739130434782608 0.2608695652173913 
0.20588235294117646 0.19117647058823528 0.17647058823529413 0.19117647058823528 0.23529411764705882 
0.19672131147540983 0.18032786885245902 0.19672131147540983 0.18032786885245902 0.2459016393442623 
0.1782178217821782 0.16831683168316833 0.16831683168316833 0.15841584158415842 0.32673267326732675 
0.17543859649122806 0.17543859649122806 0.2631578947368421 0.17543859649122806 0.21052631578947367 
0.168141592920354 0.22123893805309736 0.22123893805309736 0.13274336283185842 0.25663716814159293 
0.11764705882352941 0.15294117647058825 0.17647058823529413 0.24705882352941178 0.3058823529411765 
0.16666666666666666 0.16666666666666666 0.21794871794871795 0.15384615384615385 0.2948717948717949 
0.23404255319148937 0.2127659574468085 0.18085106382978725 0.1702127659574468 0.20212765957446807 
0.1896551724137931 0.1896551724137931 0.22413793103448276 0.20689655172413793 0.1896551724137931 
0.1678832116788321 0.18248175182481752 0.0948905109489051 0.11678832116788321 0.43795620437956206 
0.12295081967213115 0.14754098360655737 0.18032786885245902 0.1721311475409836 0.3770491803278688 
0.13966480446927373 0.15083798882681565 0.0893854748603352 0.12849162011173185 0.49162011173184356 
0.1347517730496454 0.20567375886524822 0.16312056737588654 0.15602836879432624 0.3404255319148936 
0.21774193548387097 0.1532258064516129 0.11290322580645161 0.18548387096774194 0.33064516129032256 
0.1282051282051282 0.15384615384615385 0.1282051282051282 0.1452991452991453 0.4444444444444444 
0.1375 0.15 0.2125 0.175 0.325 
0.13095238095238096 0.15476190476190477 0.19047619047619047 0.20238095238095238 0.32142857142857145 
0.16535433070866143 0.10236220472440945 0.2440944881889764 0.2125984251968504 0.2755905511811024 
0.14444444444444443 0.16666666666666666 0.2 0.17777777777777778 0.3111111111111111 
0.1 0.18518518518518517 0.13333333333333333 0.17407407407407408 0.4074074074074074 
0.14465408805031446 0.2641509433962264 0.1320754716981132 0.08176100628930817 0.37735849056603776 
0.18181818181818182 0.2077922077922078 0.18181818181818182 0.18181818181818182 0.24675324675324675 
0.12863070539419086 0.1078838174273859 0.14937759336099585 0.26141078838174275 0.35269709543568467 
0.20481927710843373 0.1927710843373494 0.1566265060240964 0.20481927710843373 0.24096385542168675 
0.1746031746031746 0.1746031746031746 0.23809523809523808 0.20634920634920634 0.20634920634920634 
0.13953488372093023 0.12209302325581395 0.18604651162790697 0.1569767441860465 0.3953488372093023 
0.1774193548387097 0.1935483870967742 0.25806451612903225 0.1774193548387097 0.1935483870967742 
0.10256410256410256 0.27564102564102566 0.14102564102564102 0.14102564102564102 0.33974358974358976 
0.171875 0.171875 0.234375 0.203125 0.21875 
0.15 0.1625 0.225 0.2125 0.25 
0.11643835616438356 0.2328767123287671 0.136986301369863 0.19863013698630136 0.3150684931506849 
0.08201892744479496 0.14826498422712933 0.03785488958990536 0.12302839116719243 0.6088328075709779 
0.19444444444444445 0.18055555555555555 0.20833333333333334 0.16666666666666666 0.25 
0.12612612612612611 0.13513513513513514 0.12612612612612611 0.2972972972972973 0.3153153153153153 
0.1791044776119403 0.14925373134328357 0.22388059701492538 0.19402985074626866 0.2537313432835821 
0.14102564102564102 0.16025641025641027 0.1987179487179487 0.17307692307692307 0.3269230769230769 
0.1523809523809524 0.11428571428571428 0.1 0.3523809523809524 0.28095238095238095 
0.15384615384615385 0.1282051282051282 0.16025641025641027 0.30128205128205127 0.2564102564102564 
0.05747126436781609 0.1724137931034483 0.10344827586206896 0.1206896551724138 0.5459770114942529 
0.14130434782608695 0.17391304347826086 0.15217391304347827 0.17391304347826086 0.358695652173913 
0.14492753623188406 0.18840579710144928 0.2028985507246377 0.17391304347826086 0.2898550724637681 
0.18181818181818182 0.18181818181818182 0.23636363636363636 0.18181818181818182 0.21818181818181817 
0.12173913043478261 0.19130434782608696 0.24347826086956523 0.1826086956521739 0.2608695652173913 
0.1407766990291262 0.16990291262135923 0.1796116504854369 0.20388349514563106 0.3058252427184466 
0.19117647058823528 0.19117647058823528 0.19117647058823528 0.17647058823529413 0.25 
0.17543859649122806 0.17543859649122806 0.2631578947368421 0.19298245614035087 0.19298245614035087 
0.13186813186813187 0.1978021978021978 0.13186813186813187 0.1978021978021978 0.34065934065934067 
0.16666666666666666 0.13333333333333333 0.19166666666666668 0.175 0.3333333333333333 
0.1574074074074074 0.1574074074074074 0.23148148148148148 0.12037037037037036 0.3333333333333333 
0.10884353741496598 0.17687074829931973 0.14965986394557823 0.14965986394557823 0.41496598639455784 
0.12389380530973451 0.168141592920354 0.2743362831858407 0.17699115044247787 0.25663716814159293 
0.1388888888888889 0.1875 0.14583333333333334 0.19444444444444445 0.3333333333333333 
0.18681318681318682 0.23076923076923078 0.17582417582417584 0.25274725274725274 0.15384615384615385 
0.16666666666666666 0.16666666666666666 0.26666666666666666 0.16666666666666666 0.23333333333333334 
0.2248062015503876 0.15503875968992248 0.12403100775193798 0.24031007751937986 0.2558139534883721 
0.23478260869565218 0.25217391304347825 0.1391304347826087 0.17391304347826086 0.2 
0.19230769230769232 0.23076923076923078 0.19230769230769232 0.19230769230769232 0.19230769230769232 
0.15625 0.15625 0.1875 0.171875 0.328125 
0.16216216216216217 0.16216216216216217 0.20270270270270271 0.17567567567567569 0.2972972972972973 
0.19480519480519481 0.15584415584415584 0.22077922077922077 0.18181818181818182 0.24675324675324675 
0.1308411214953271 0.1588785046728972 0.2523364485981308 0.18691588785046728 0.27102803738317754 
0.14 0.14 0.2 0.14 0.38 
0.18309859154929578 0.16901408450704225 0.22535211267605634 0.15492957746478872 0.2676056338028169 
0.12903225806451613 0.0967741935483871 0.14516129032258066 0.13978494623655913 0.489247311827957 
0.1896551724137931 0.1896551724137931 0.25862068965517243 0.1724137931034483 0.1896551724137931 
0.1643835616438356 0.136986301369863 0.2602739726027397 0.1780821917808219 0.2602739726027397 
0.12626262626262627 0.13636363636363635 0.1919191919191919 0.13131313131313133 0.41414141414141414 
0.15702479338842976 0.2066115702479339 0.19834710743801653 0.19008264462809918 0.24793388429752067 
0.1650485436893204 0.1262135922330097 0.24271844660194175 0.23300970873786409 0.23300970873786409 
0.21951219512195122 0.14634146341463414 0.14634146341463414 0.2804878048780488 0.2073170731707317 
0.12903225806451613 0.12903225806451613 0.17204301075268819 0.26881720430107525 0.3010752688172043 
0.17391304347826086 0.15217391304347827 0.2608695652173913 0.2826086956521739 0.13043478260869565 
0.1440677966101695 0.11016949152542373 0.17796610169491525 0.4491525423728814 0.11864406779661017 
0.15833333333333333 0.125 0.2 0.35 0.16666666666666666 
0.16176470588235295 0.17647058823529413 0.22058823529411764 0.25 0.19117647058823528 
0.18947368421052632 0.17894736842105263 0.17894736842105263 0.22105263157894736 0.23157894736842105 
0.1864406779661017 0.1694915254237288 0.22033898305084745 0.2542372881355932 0.1694915254237288 
0.20909090909090908 0.2 0.20909090909090908 0.23636363636363636 0.14545454545454545 
0.10778443113772455 0.09580838323353294 0.1377245508982036 0.5808383233532934 0.07784431137724551 
0.13253012048192772 0.13253012048192772 0.24096385542168675 0.27710843373493976 0.21686746987951808 
0.17647058823529413 0.22549019607843138 0.16666666666666666 0.27450980392156865 0.1568627450980392 
0.2677165354330709 0.2677165354330709 0.12598425196850394 0.11811023622047244 0.2204724409448819 
0.2361111111111111 0.18055555555555555 0.18055555555555555 0.20833333333333334 0.19444444444444445 
0.20202020202020202 0.1919191919191919 0.16161616161616163 0.1919191919191919 0.25252525252525254 
0.19642857142857142 0.17857142857142858 0.16071428571428573 0.23214285714285715 0.23214285714285715 
0.2222222222222222 0.20202020202020202 0.16161616161616163 0.24242424242424243 0.1717171717171717 
0.18627450980392157 0.18627450980392157 0.17647058823529413 0.17647058823529413 0.27450980392156865 
0.28 0.24 0.136 0.144 0.2 
0.2872340425531915 0.18085106382978725 0.1276595744680851 0.19148936170212766 0.2127659574468085 
0.27848101265822783 0.1962025316455696 0.14556962025316456 0.11392405063291139 0.26582278481012656 
0.2662337662337662 0.17532467532467533 0.16233766233766234 0.16883116883116883 0.22727272727272727 
0.17333333333333334 0.17333333333333334 0.29333333333333333 0.17333333333333334 0.18666666666666668 
0.18518518518518517 0.2037037037037037 0.2037037037037037 0.2222222222222222 0.18518518518518517 
0.13131313131313133 0.21212121212121213 0.2222222222222222 0.2727272727272727 0.16161616161616163 
0.16666666666666666 0.19696969696969696 0.21212121212121213 0.22727272727272727 0.19696969696969696 
0.18072289156626506 0.2289156626506024 0.1927710843373494 0.2289156626506024 0.1686746987951807 
0.16535433070866143 0.14173228346456693 0.1732283464566929 0.31496062992125984 0.2047244094488189 
0.19444444444444445 0.1388888888888889 0.2638888888888889 0.2222222222222222 0.18055555555555555 
0.21052631578947367 0.23308270676691728 0.17293233082706766 0.24812030075187969 0.13533834586466165 
0.20253164556962025 0.20253164556962025 0.1518987341772152 0.25316455696202533 0.189873417721519 
0.2 0.17 0.18 0.25 0.2 
0.14705882352941177 0.14705882352941177 0.23529411764705882 0.2647058823529412 0.20588235294117646 
0.13333333333333333 0.10476190476190476 0.17142857142857143 0.3142857142857143 0.2761904761904762 
0.14393939393939395 0.10606060606060606 0.20454545454545456 0.32575757575757575 0.2196969696969697 
0.10344827586206896 0.12931034482758622 0.1724137931034483 0.19827586206896552 0.39655172413793105 
0.15517241379310345 0.13793103448275862 0.1724137931034483 0.1810344827586207 0.35344827586206895 
0.2 0.096 0.216 0.256 0.232 
0.16666666666666666 0.14516129032258066 0.10215053763440861 0.23655913978494625 0.34946236559139787 
0.11052631578947368 0.19473684210526315 0.13157894736842105 0.25263157894736843 0.3105263157894737 
0.13043478260869565 0.2717391304347826 0.14130434782608695 0.15217391304347827 0.30434782608695654 
0.19480519480519481 0.2077922077922078 0.24675324675324675 0.12987012987012986 0.22077922077922077 
0.11827956989247312 0.16129032258064516 0.25806451612903225 0.20430107526881722 0.25806451612903225 
0.0821256038647343 0.15942028985507245 0.178743961352657 0.25120772946859904 0.3285024154589372 
0.18518518518518517 0.18518518518518517 0.24074074074074073 0.2037037037037037 0.18518518518518517 
0.11851851851851852 0.2518518518518518 0.1111111111111111 0.16296296296296298 0.35555555555555557 
0.16923076923076924 0.16923076923076924 0.2923076923076923 0.2 0.16923076923076924 
0.203125 0.15625 0.265625 0.15625 0.21875 
0.19117647058823528 0.22058823529411764 0.22058823529411764 0.14705882352941177 0.22058823529411764 
0.16129032258064516 0.26344086021505375 0.11827956989247312 0.25806451612903225 0.1989247311827957 
0.13253012048192772 0.26506024096385544 0.24096385542168675 0.1927710843373494 0.1686746987951807 
0.18867924528301888 0.22641509433962265 0.20754716981132076 0.18867924528301888 0.18867924528301888 
0.11811023622047244 0.14173228346456693 0.1732283464566929 0.3937007874015748 0.1732283464566929 
0.15702479338842976 0.18181818181818182 0.3140495867768595 0.2066115702479339 0.14049586776859505 
0.1527777777777778 0.16666666666666666 0.25 0.19444444444444445 0.2361111111111111 
0.26881720430107525 0.1935483870967742 0.15053763440860216 0.21505376344086022 0.17204301075268819 
0.23333333333333334 0.15555555555555556 0.2777777777777778 0.16666666666666666 0.16666666666666666 
0.24858757062146894 0.14689265536723164 0.2655367231638418 0.21468926553672316 0.12429378531073447 
0.1553398058252427 0.18446601941747573 0.20388349514563106 0.34951456310679613 0.10679611650485436 
0.2265625 0.1171875 0.2421875 0.1640625 0.25 
0.18902439024390244 0.20121951219512196 0.3048780487804878 0.17682926829268292 0.12804878048780488 
0.18518518518518517 0.18518518518518517 0.24074074074074073 0.18518518518518517 0.2037037037037037 
0.2413793103448276 0.1896551724137931 0.1896551724137931 0.1896551724137931 0.1896551724137931 
0.2 0.18571428571428572 0.3142857142857143 0.15714285714285714 0.14285714285714285 
0.19753086419753085 0.1728395061728395 0.20987654320987653 0.1728395061728395 0.24691358024691357 
0.1794871794871795 0.15384615384615385 0.21794871794871795 0.16666666666666666 0.28205128205128205 
0.13157894736842105 0.18421052631578946 0.24561403508771928 0.24561403508771928 0.19298245614035087 
0.17857142857142858 0.17857142857142858 0.26785714285714285 0.17857142857142858 0.19642857142857142 
0.20618556701030927 0.18556701030927836 0.24742268041237114 0.1134020618556701 0.24742268041237114 
0.17073170731707318 0.1951219512195122 0.17073170731707318 0.2926829268292683 0.17073170731707318 
0.20253164556962025 0.189873417721519 0.24050632911392406 0.21518987341772153 0.1518987341772152 
0.2558139534883721 0.14728682170542637 0.11627906976744186 0.2713178294573643 0.20930232558139536 
0.18627450980392157 0.21568627450980393 0.17647058823529413 0.24509803921568626 0.17647058823529413 
0.1437908496732026 0.10457516339869281 0.1437908496732026 0.24183006535947713 0.3660130718954248 
0.23863636363636365 0.125 0.1590909090909091 0.2159090909090909 0.26136363636363635 
0.21951219512195122 0.2073170731707317 0.17073170731707318 0.18292682926829268 0.21951219512195122 
0.17543859649122806 0.19298245614035087 0.22807017543859648 0.22807017543859648 0.17543859649122806 
0.18867924528301888 0.18867924528301888 0.20754716981132076 0.20754716981132076 0.20754716981132076 
0.21153846153846154 0.125 0.27884615384615385 0.18269230769230768 0.20192307692307693 
0.1527777777777778 0.19444444444444445 0.19444444444444445 0.1527777777777778 0.3055555555555556 
0.24561403508771928 0.19298245614035087 0.14912280701754385 0.2807017543859649 0.13157894736842105 
0.3978494623655914 0.1935483870967742 0.10752688172043011 0.16129032258064516 0.13978494623655913 
0.20987654320987653 0.16049382716049382 0.25925925925925924 0.2222222222222222 0.14814814814814814 
0.2926829268292683 0.17073170731707318 0.15853658536585366 0.1951219512195122 0.18292682926829268 
0.25333333333333335 0.22666666666666666 0.13333333333333333 0.21333333333333335 0.17333333333333334 
0.2903225806451613 0.13548387096774195 0.14193548387096774 0.25161290322580643 0.18064516129032257 
0.3404255319148936 0.19148936170212766 0.14893617021276595 0.1595744680851064 0.1595744680851064 
0.29 0.19 0.19 0.18 0.15 
0.44144144144144143 0.15315315315315314 0.15315315315315314 0.10810810810810811 0.14414414414414414 
0.22727272727272727 0.16666666666666666 0.25757575757575757 0.19696969696969696 0.15151515151515152 
0.2619047619047619 0.18253968253968253 0.15079365079365079 0.21428571428571427 0.19047619047619047 
0.2839506172839506 0.13580246913580246 0.1728395061728395 0.25925925925925924 0.14814814814814814 
0.3333333333333333 0.15476190476190477 0.13095238095238096 0.25 0.13095238095238096 
0.30708661417322836 0.18110236220472442 0.11023622047244094 0.2677165354330709 0.13385826771653545 
0.44761904761904764 0.14285714285714285 0.12380952380952381 0.1619047619047619 0.12380952380952381 
0.4050632911392405 0.16455696202531644 0.18354430379746836 0.15822784810126583 0.08860759493670886 
0.23214285714285715 0.17857142857142858 0.23214285714285715 0.17857142857142858 0.17857142857142858 
0.27184466019417475 0.13592233009708737 0.22330097087378642 0.17475728155339806 0.1941747572815534 
0.23684210526315788 0.18421052631578946 0.17543859649122806 0.2543859649122807 0.14912280701754385 
0.29850746268656714 0.1791044776119403 0.1791044776119403 0.19402985074626866 0.14925373134328357 
0.30120481927710846 0.1566265060240964 0.18072289156626506 0.2289156626506024 0.13253012048192772 
0.25471698113207547 0.16037735849056603 0.2169811320754717 0.25471698113207547 0.11320754716981132 
0.22580645161290322 0.1774193548387097 0.1774193548387097 0.1935483870967742 0.22580645161290322 
0.25333333333333335 0.21333333333333335 0.14666666666666667 0.21333333333333335 0.17333333333333334 
0.32989690721649484 0.13402061855670103 0.15463917525773196 0.25773195876288657 0.12371134020618557 
0.21839080459770116 0.2413793103448276 0.1839080459770115 0.1724137931034483 0.1839080459770115 
0.2826086956521739 0.15217391304347827 0.21739130434782608 0.14130434782608695 0.20652173913043478 
0.38016528925619836 0.15702479338842976 0.17355371900826447 0.19008264462809918 0.09917355371900827 
0.3392857142857143 0.13392857142857142 0.15178571428571427 0.20535714285714285 0.16964285714285715 
0.36283185840707965 0.168141592920354 0.20353982300884957 0.1592920353982301 0.10619469026548672 
0.41509433962264153 0.11949685534591195 0.07547169811320754 0.2641509433962264 0.12578616352201258 
0.08666666666666667 0.20666666666666667 0.23333333333333334 0.21333333333333335 0.26 
0.21656050955414013 0.1910828025477707 0.1337579617834395 0.2611464968152866 0.19745222929936307 
0.3617021276595745 0.14893617021276595 0.14893617021276595 0.18085106382978725 0.1595744680851064 
0.3 0.17142857142857143 0.17142857142857143 0.18571428571428572 0.17142857142857143 
0.36936936936936937 0.15315315315315314 0.17117117117117117 0.12612612612612611 0.18018018018018017 
0.34177215189873417 0.17721518987341772 0.1518987341772152 0.17721518987341772 0.1518987341772152 
0.3644067796610169 0.1864406779661017 0.1440677966101695 0.13559322033898305 0.1694915254237288 
0.32978723404255317 0.18085106382978725 0.14893617021276595 0.20212765957446807 0.13829787234042554 
0.3425925925925926 0.18518518518518517 0.12962962962962962 0.19444444444444445 0.14814814814814814 
0.22388059701492538 0.1791044776119403 0.1791044776119403 0.22388059701492538 0.19402985074626866 
0.4 0.13333333333333333 0.14285714285714285 0.19047619047619047 0.13333333333333333 
0.25252525252525254 0.23232323232323232 0.18181818181818182 0.1919191919191919 0.1414141414141414 
0.3790322580645161 0.13709677419354838 0.1532258064516129 0.20161290322580644 0.12903225806451613 
0.345 0.14 0.155 0.215 0.145 
0.25742574257425743 0.15841584158415842 0.18811881188118812 0.21782178217821782 0.1782178217821782 
0.375 0.1388888888888889 0.1527777777777778 0.1388888888888889 0.19444444444444445 
0.3157894736842105 0.14473684210526316 0.18421052631578946 0.21052631578947367 0.14473684210526316 
0.2265625 0.234375 0.171875 0.21875 0.1484375 
0.275 0.1375 0.15 0.25 0.1875 
0.2727272727272727 0.16666666666666666 0.16666666666666666 0.24242424242424243 0.15151515151515152 
0.37037037037037035 0.18518518518518517 0.14074074074074075 0.14074074074074075 0.16296296296296298 
0.3333333333333333 0.23255813953488372 0.13953488372093023 0.13953488372093023 0.15503875968992248 
0.3825503355704698 0.21476510067114093 0.09395973154362416 0.18791946308724833 0.12080536912751678 
0.36046511627906974 0.1744186046511628 0.1511627906976744 0.13953488372093023 0.1744186046511628 
0.3375 0.175 0.2125 0.125 0.15 
0.312 0.272 0.12 0.136 0.16 
0.3137254901960784 0.14705882352941177 0.18627450980392157 0.16666666666666666 0.18627450980392157 
0.27419354838709675 0.1935483870967742 0.16129032258064516 0.1935483870967742 0.1774193548387097 
0.2111111111111111 0.28888888888888886 0.2 0.15555555555555556 0.14444444444444443 
0.26373626373626374 0.18681318681318682 0.21978021978021978 0.17582417582417584 0.15384615384615385 
0.34146341463414637 0.16463414634146342 0.21951219512195122 0.18292682926829268 0.09146341463414634 
0.3469387755102041 0.19387755102040816 0.20408163265306123 0.1326530612244898 0.12244897959183673 
0.5247524752475248 0.09405940594059406 0.07425742574257425 0.16336633663366337 0.14356435643564355 
0.21428571428571427 0.21428571428571427 0.21428571428571427 0.17857142857142858 0.17857142857142858 
0.2857142857142857 0.20408163265306123 0.20408163265306123 0.14285714285714285 0.16326530612244897 
0.38926174496644295 0.12751677852348994 0.1342281879194631 0.2550335570469799 0.09395973154362416 
0.26666666666666666 0.10555555555555556 0.18333333333333332 0.34444444444444444 0.1 
0.288135593220339 0.1694915254237288 0.1864406779661017 0.1864406779661017 0.1694915254237288 
0.24855491329479767 0.18497109826589594 0.11560693641618497 0.3236994219653179 0.12716763005780346 
0.265625 0.2265625 0.1328125 0.1875 0.1875 
0.2564102564102564 0.16666666666666666 0.19230769230769232 0.1794871794871795 0.20512820512820512 
0.1935483870967742 0.1935483870967742 0.24193548387096775 0.1774193548387097 0.1935483870967742 
0.21505376344086022 0.27956989247311825 0.1827956989247312 0.16129032258064516 0.16129032258064516 
0.1853932584269663 0.17415730337078653 0.20224719101123595 0.30337078651685395 0.1348314606741573 
0.3828125 0.125 0.2265625 0.171875 0.09375 
0.22535211267605634 0.2112676056338028 0.2535211267605634 0.15492957746478872 0.15492957746478872 
0.22580645161290322 0.1774193548387097 0.24193548387096775 0.1774193548387097 0.1774193548387097 
0.21495327102803738 0.205607476635514 0.2897196261682243 0.18691588785046728 0.102803738317757 
0.2835820895522388 0.1791044776119403 0.208955223880597 0.14925373134328357 0.1791044776119403 
0.23728813559322035 0.1864406779661017 0.1864406779661017 0.2033898305084746 0.1864406779661017 
0.24528301886792453 0.18867924528301888 0.18867924528301888 0.18867924528301888 0.18867924528301888 
0.34444444444444444 0.15555555555555556 0.18888888888888888 0.14444444444444443 0.16666666666666666 
0.2711864406779661 0.1864406779661017 0.1864406779661017 0.1694915254237288 0.1864406779661017 
0.25 0.1388888888888889 0.25 0.17592592592592593 0.18518518518518517 
0.24107142857142858 0.16071428571428573 0.19642857142857142 0.25 0.15178571428571427 
0.22413793103448276 0.1896551724137931 0.20689655172413793 0.1724137931034483 0.20689655172413793 
0.2413793103448276 0.25287356321839083 0.16091954022988506 0.16091954022988506 0.1839080459770115 
0.25862068965517243 0.1896551724137931 0.20689655172413793 0.1724137931034483 0.1724137931034483 
0.2463768115942029 0.15942028985507245 0.2318840579710145 0.2028985507246377 0.15942028985507245 
0.4485981308411215 0.14953271028037382 0.14018691588785046 0.11214953271028037 0.14953271028037382 
0.16393442622950818 0.19672131147540983 0.19672131147540983 0.16393442622950818 0.2786885245901639 
0.21649484536082475 0.1958762886597938 0.17525773195876287 0.23711340206185566 0.17525773195876287 
0.34868421052631576 0.23026315789473684 0.08552631578947369 0.09868421052631579 0.23684210526315788 
0.26153846153846155 0.15384615384615385 0.2153846153846154 0.18461538461538463 0.18461538461538463 
0.19672131147540983 0.19672131147540983 0.21311475409836064 0.18032786885245902 0.21311475409836064 
0.2911392405063291 0.1518987341772152 0.25316455696202533 0.13924050632911392 0.16455696202531644 
0.1791044776119403 0.208955223880597 0.26865671641791045 0.14925373134328357 0.19402985074626866 
0.3125 0.14583333333333334 0.1875 0.14583333333333334 0.20833333333333334 
0.13636363636363635 0.26136363636363635 0.18181818181818182 0.20454545454545456 0.2159090909090909 
0.4195804195804196 0.1258741258741259 0.13286713286713286 0.07692307692307693 0.24475524475524477 
0.23595505617977527 0.23595505617977527 0.23595505617977527 0.16853932584269662 0.12359550561797752 
0.3888888888888889 0.18518518518518517 0.16666666666666666 0.14814814814814814 0.1111111111111111 
0.24561403508771928 0.17543859649122806 0.22807017543859648 0.17543859649122806 0.17543859649122806 
0.25 0.175 0.2125 0.1625 0.2 
0.2542372881355932 0.1864406779661017 0.1694915254237288 0.1864406779661017 0.2033898305084746 
0.373015873015873 0.16666666666666666 0.1746031746031746 0.1746031746031746 0.1111111111111111 
0.2988505747126437 0.1724137931034483 0.1839080459770115 0.19540229885057472 0.14942528735632185 
0.38461538461538464 0.14871794871794872 0.14358974358974358 0.09230769230769231 0.23076923076923078 
0.2153846153846154 0.15384615384615385 0.24615384615384617 0.16923076923076924 0.2153846153846154 
0.22988505747126436 0.1839080459770115 0.20689655172413793 0.21839080459770116 0.16091954022988506 
0.175 0.1875 0.25 0.2125 0.175 
0.136986301369863 0.2465753424657534 0.2054794520547945 0.1506849315068493 0.2602739726027397 
0.1643835616438356 0.1643835616438356 0.13013698630136986 0.2602739726027397 0.2808219178082192 
0.20689655172413793 0.1724137931034483 0.2413793103448276 0.20689655172413793 0.1724137931034483 
0.23076923076923078 0.15384615384615385 0.26153846153846155 0.16923076923076924 0.18461538461538463 
