0.2635135135135135 0.12837837837837837 0.14189189189189189 0.17567567567567569 0.2905405405405405 
0.17525773195876287 0.23711340206185566 0.17525773195876287 0.23711340206185566 0.17525773195876287 
0.16379310344827586 0.21551724137931033 0.10344827586206896 0.19827586206896552 0.31896551724137934 
0.18354430379746836 0.15822784810126583 0.14556962025316456 0.22151898734177214 0.2911392405063291 
0.1827956989247312 0.17204301075268819 0.12903225806451613 0.16129032258064516 0.3548387096774194 
0.19696969696969696 0.16666666666666666 0.15151515151515152 0.24242424242424243 0.24242424242424243 
0.0967741935483871 0.14516129032258066 0.22043010752688172 0.1774193548387097 0.3602150537634409 
0.19387755102040816 0.21428571428571427 0.15306122448979592 0.20408163265306123 0.23469387755102042 
0.1834862385321101 0.14678899082568808 0.14678899082568808 0.1651376146788991 0.3577981651376147 
0.17592592592592593 0.3611111111111111 0.1574074074074074 0.1388888888888889 0.16666666666666666 
0.1862348178137652 0.4979757085020243 0.10121457489878542 0.10121457489878542 0.11336032388663968 
0.19815668202764977 0.41013824884792627 0.17050691244239632 0.12903225806451613 0.09216589861751152 
0.16049382716049382 0.30864197530864196 0.16049382716049382 0.18518518518518517 0.18518518518518517 
0.25252525252525254 0.2222222222222222 0.23232323232323232 0.16161616161616163 0.13131313131313133 
0.21428571428571427 0.19642857142857142 0.19642857142857142 0.21428571428571427 0.17857142857142858 
0.16417910447761194 0.2537313432835821 0.208955223880597 0.22388059701492538 0.14925373134328357 
0.15897435897435896 0.38974358974358975 0.1794871794871795 0.16923076923076924 0.10256410256410256 
0.10204081632653061 0.30612244897959184 0.21428571428571427 0.16326530612244897 0.21428571428571427 
0.1744186046511628 0.20930232558139536 0.1744186046511628 0.2441860465116279 0.19767441860465115 
0.1797752808988764 0.16853932584269662 0.20224719101123595 0.15730337078651685 0.29213483146067415 
0.12962962962962962 0.23148148148148148 0.12037037037037036 0.23148148148148148 0.28703703703703703 
0.1744186046511628 0.13953488372093023 0.22093023255813954 0.13953488372093023 0.32558139534883723 
0.12612612612612611 0.14414414414414414 0.15315315315315314 0.18018018018018017 0.3963963963963964 
0.25862068965517243 0.1896551724137931 0.1724137931034483 0.1724137931034483 0.20689655172413793 
0.2 0.23076923076923078 0.16923076923076924 0.2 0.2 
0.2868217054263566 0.24031007751937986 0.15503875968992248 0.15503875968992248 0.16279069767441862 
0.14201183431952663 0.41420118343195267 0.1242603550295858 0.17159763313609466 0.14792899408284024 
0.21495327102803738 0.205607476635514 0.1588785046728972 0.1588785046728972 0.2616822429906542 
0.2564102564102564 0.24358974358974358 0.15384615384615385 0.1794871794871795 0.16666666666666666 
0.22972972972972974 0.22972972972972974 0.16216216216216217 0.17567567567567569 0.20270270270270271 
0.14814814814814814 0.345679012345679 0.16049382716049382 0.20987654320987653 0.13580246913580246 
0.16883116883116883 0.18181818181818182 0.15584415584415584 0.2987012987012987 0.19480519480519481 
0.2037037037037037 0.2037037037037037 0.2037037037037037 0.18518518518518517 0.2037037037037037 
0.140625 0.171875 0.109375 0.453125 0.125 
0.14912280701754385 0.19298245614035087 0.20175438596491227 0.3333333333333333 0.12280701754385964 
0.17543859649122806 0.19298245614035087 0.13157894736842105 0.35964912280701755 0.14035087719298245 
0.1625 0.1625 0.1375 0.3375 0.2 
0.20634920634920634 0.1746031746031746 0.19047619047619047 0.2698412698412698 0.15873015873015872 
0.19736842105263158 0.19736842105263158 0.2631578947368421 0.15789473684210525 0.18421052631578946 
0.17647058823529413 0.1411764705882353 0.11764705882352941 0.24705882352941178 0.3176470588235294 
0.17204301075268819 0.27956989247311825 0.12903225806451613 0.16129032258064516 0.25806451612903225 
0.45454545454545453 0.13286713286713286 0.16083916083916083 0.1258741258741259 0.1258741258741259 
0.19298245614035087 0.21052631578947367 0.19298245614035087 0.21052631578947367 0.19298245614035087 
0.16923076923076924 0.18461538461538463 0.16923076923076924 0.2153846153846154 0.26153846153846155 
0.2 0.13333333333333333 0.16 0.2 0.30666666666666664 
0.23255813953488372 0.1744186046511628 0.1744186046511628 0.19767441860465115 0.22093023255813954 
0.2037037037037037 0.2222222222222222 0.18518518518518517 0.2037037037037037 0.18518518518518517 
0.22413793103448276 0.20689655172413793 0.20689655172413793 0.1724137931034483 0.1896551724137931 
0.208955223880597 0.2537313432835821 0.14925373134328357 0.19402985074626866 0.19402985074626866 
0.19047619047619047 0.2222222222222222 0.15873015873015872 0.23809523809523808 0.19047619047619047 
0.2345679012345679 0.14814814814814814 0.13580246913580246 0.16049382716049382 0.32098765432098764 
0.4084507042253521 0.11971830985915492 0.2112676056338028 0.13380281690140844 0.1267605633802817 
0.2975206611570248 0.17355371900826447 0.21487603305785125 0.19834710743801653 0.11570247933884298 
0.17647058823529413 0.20588235294117646 0.17647058823529413 0.17647058823529413 0.2647058823529412 
0.1864406779661017 0.2033898305084746 0.1864406779661017 0.22033898305084745 0.2033898305084746 
0.20454545454545456 0.20454545454545456 0.13636363636363635 0.1590909090909091 0.29545454545454547 
0.25 0.18333333333333332 0.16666666666666666 0.18333333333333332 0.21666666666666667 
0.1702127659574468 0.2978723404255319 0.1595744680851064 0.10638297872340426 0.26595744680851063 
0.2647058823529412 0.23529411764705882 0.16176470588235295 0.15441176470588236 0.18382352941176472 
0.17647058823529413 0.23529411764705882 0.2647058823529412 0.17647058823529413 0.14705882352941177 
0.21686746987951808 0.2891566265060241 0.1566265060240964 0.1566265060240964 0.18072289156626506 
0.21176470588235294 0.21176470588235294 0.16470588235294117 0.2235294117647059 0.18823529411764706 
0.1595744680851064 0.2553191489361702 0.1702127659574468 0.1702127659574468 0.24468085106382978 
0.2857142857142857 0.2619047619047619 0.14285714285714285 0.15476190476190477 0.15476190476190477 
0.15463917525773196 0.20618556701030927 0.1134020618556701 0.3711340206185567 0.15463917525773196 
0.1375 0.15 0.15 0.35 0.2125 
0.18556701030927836 0.20618556701030927 0.17525773195876287 0.24742268041237114 0.18556701030927836 
0.2336448598130841 0.19626168224299065 0.12149532710280374 0.2897196261682243 0.1588785046728972 
0.1935483870967742 0.16129032258064516 0.1774193548387097 0.2903225806451613 0.1774193548387097 
0.1864406779661017 0.1694915254237288 0.22033898305084745 0.2542372881355932 0.1694915254237288 
0.1935483870967742 0.16129032258064516 0.16129032258064516 0.3064516129032258 0.1774193548387097 
0.18032786885245902 0.21311475409836064 0.21311475409836064 0.19672131147540983 0.19672131147540983 
0.1896551724137931 0.20689655172413793 0.1724137931034483 0.25862068965517243 0.1724137931034483 
0.2153846153846154 0.18461538461538463 0.18461538461538463 0.2153846153846154 0.2 
0.1978021978021978 0.25274725274725274 0.2087912087912088 0.16483516483516483 0.17582417582417584 
0.12295081967213115 0.36885245901639346 0.13934426229508196 0.13934426229508196 0.22950819672131148 
0.13989637305699482 0.41450777202072536 0.12435233160621761 0.18652849740932642 0.13471502590673576 
0.1348314606741573 0.34831460674157305 0.14606741573033707 0.2247191011235955 0.14606741573033707 
0.15384615384615385 0.2564102564102564 0.19230769230769232 0.23076923076923078 0.16666666666666666 
0.20754716981132076 0.18867924528301888 0.18867924528301888 0.22641509433962265 0.18867924528301888 
0.13714285714285715 0.29714285714285715 0.15428571428571428 0.17714285714285713 0.2342857142857143 
0.23648648648648649 0.3108108108108108 0.14864864864864866 0.18243243243243243 0.12162162162162163 
0.17894736842105263 0.28421052631578947 0.22105263157894736 0.12631578947368421 0.18947368421052632 
0.23448275862068965 0.3448275862068966 0.11724137931034483 0.1724137931034483 0.1310344827586207 
0.14492753623188406 0.21739130434782608 0.18840579710144928 0.2028985507246377 0.2463768115942029 
0.17333333333333334 0.2 0.2 0.21333333333333335 0.21333333333333335 
0.15 0.175 0.2 0.3 0.175 
0.21428571428571427 0.26785714285714285 0.19642857142857142 0.19047619047619047 0.13095238095238096 
0.24390243902439024 0.17073170731707318 0.17073170731707318 0.2073170731707317 0.2073170731707317 
0.1891891891891892 0.17567567567567569 0.16216216216216217 0.32432432432432434 0.14864864864864866 
0.11842105263157894 0.17105263157894737 0.16447368421052633 0.40131578947368424 0.14473684210526316 
0.13861386138613863 0.18811881188118812 0.1485148514851485 0.36633663366336633 0.15841584158415842 
0.16666666666666666 0.19230769230769232 0.15384615384615385 0.3076923076923077 0.1794871794871795 
0.16216216216216217 0.21621621621621623 0.20270270270270271 0.1891891891891892 0.22972972972972974 
0.15267175572519084 0.20610687022900764 0.13740458015267176 0.3435114503816794 0.16030534351145037 
0.12389380530973451 0.13274336283185842 0.20353982300884957 0.26548672566371684 0.2743362831858407 
0.2087912087912088 0.2087912087912088 0.16483516483516483 0.23076923076923078 0.18681318681318682 
0.14772727272727273 0.18181818181818182 0.26136363636363635 0.26136363636363635 0.14772727272727273 
0.16521739130434782 0.16521739130434782 0.16521739130434782 0.2956521739130435 0.20869565217391303 
0.17543859649122806 0.21052631578947367 0.19298245614035087 0.19298245614035087 0.22807017543859648 
0.20454545454545456 0.2727272727272727 0.14772727272727273 0.20454545454545456 0.17045454545454544 
0.21100917431192662 0.1651376146788991 0.23853211009174313 0.1926605504587156 0.1926605504587156 
0.1411764705882353 0.2823529411764706 0.2 0.2235294117647059 0.15294117647058825 
0.2948717948717949 0.16666666666666666 0.19230769230769232 0.21794871794871795 0.1282051282051282 
0.25806451612903225 0.16129032258064516 0.20161290322580644 0.25 0.12903225806451613 
0.2542372881355932 0.1694915254237288 0.2033898305084746 0.1864406779661017 0.1864406779661017 
0.24719101123595505 0.1797752808988764 0.19101123595505617 0.24719101123595505 0.1348314606741573 
0.21052631578947367 0.17105263157894737 0.15789473684210525 0.3157894736842105 0.14473684210526316 
0.13291139240506328 0.20253164556962025 0.2088607594936709 0.310126582278481 0.14556962025316456 
0.12790697674418605 0.36046511627906974 0.1511627906976744 0.18604651162790697 0.1744186046511628 
0.19047619047619047 0.29365079365079366 0.16666666666666666 0.11904761904761904 0.23015873015873015 
0.17567567567567569 0.25675675675675674 0.14864864864864866 0.1891891891891892 0.22972972972972974 
0.16666666666666666 0.23809523809523808 0.19047619047619047 0.21428571428571427 0.19047619047619047 
0.2116788321167883 0.32116788321167883 0.2116788321167883 0.15328467153284672 0.10218978102189781 
0.25225225225225223 0.18018018018018017 0.16216216216216217 0.24324324324324326 0.16216216216216217 
0.1694915254237288 0.1864406779661017 0.1864406779661017 0.2542372881355932 0.2033898305084746 
0.22058823529411764 0.17647058823529413 0.17647058823529413 0.2647058823529412 0.16176470588235295 
0.1782178217821782 0.16831683168316833 0.12871287128712872 0.3564356435643564 0.16831683168316833 
0.1388888888888889 0.16666666666666666 0.16666666666666666 0.2777777777777778 0.25 
0.25333333333333335 0.17333333333333334 0.14666666666666667 0.18666666666666668 0.24 
0.15555555555555556 0.2111111111111111 0.2222222222222222 0.18888888888888888 0.2222222222222222 
0.2097902097902098 0.23076923076923078 0.3076923076923077 0.13286713286713286 0.11888111888111888 
0.16666666666666666 0.18333333333333332 0.2833333333333333 0.18333333333333332 0.18333333333333332 
0.17669172932330826 0.07142857142857142 0.5451127819548872 0.12030075187969924 0.08646616541353383 
0.16483516483516483 0.16483516483516483 0.3076923076923077 0.2087912087912088 0.15384615384615385 
0.11965811965811966 0.11965811965811966 0.47863247863247865 0.17094017094017094 0.1111111111111111 
0.14285714285714285 0.12380952380952381 0.38095238095238093 0.2 0.1523809523809524 
0.12837837837837837 0.08108108108108109 0.5540540540540541 0.13513513513513514 0.10135135135135136 
0.20392156862745098 0.12156862745098039 0.44313725490196076 0.16862745098039217 0.06274509803921569 
0.11403508771929824 0.12280701754385964 0.45614035087719296 0.15789473684210525 0.14912280701754385 
0.18867924528301888 0.1320754716981132 0.37735849056603776 0.16037735849056603 0.14150943396226415 
0.11711711711711711 0.25225225225225223 0.3333333333333333 0.18018018018018017 0.11711711711711711 
0.184 0.144 0.416 0.144 0.112 
0.16304347826086957 0.11956521739130435 0.391304347826087 0.15217391304347827 0.17391304347826086 
0.10650887573964497 0.1242603550295858 0.5266272189349113 0.16568047337278108 0.07692307692307693 
0.1569767441860465 0.12209302325581395 0.45348837209302323 0.0872093023255814 0.18023255813953487 
0.203125 0.1875 0.265625 0.171875 0.171875 
0.14285714285714285 0.22857142857142856 0.3142857142857143 0.18095238095238095 0.13333333333333333 
0.2786885245901639 0.18032786885245902 0.19672131147540983 0.16393442622950818 0.18032786885245902 
0.4018264840182648 0.1872146118721461 0.1598173515981735 0.1095890410958904 0.1415525114155251 
0.25925925925925924 0.14814814814814814 0.20987654320987653 0.2222222222222222 0.16049382716049382 
0.3413173652694611 0.19760479041916168 0.19760479041916168 0.1497005988023952 0.11377245508982035 
0.3111111111111111 0.2222222222222222 0.16666666666666666 0.15555555555555556 0.14444444444444443 
0.4090909090909091 0.1111111111111111 0.30808080808080807 0.09090909090909091 0.08080808080808081 
0.4794520547945205 0.10273972602739725 0.18493150684931506 0.136986301369863 0.0958904109589041 
0.2702702702702703 0.13513513513513514 0.28378378378378377 0.14864864864864866 0.16216216216216217 
0.40625 0.14583333333333334 0.16666666666666666 0.125 0.15625 
0.15217391304347827 0.16304347826086957 0.20652173913043478 0.34782608695652173 0.13043478260869565 
0.20512820512820512 0.1794871794871795 0.16666666666666666 0.2692307692307692 0.1794871794871795 
0.21311475409836064 0.18032786885245902 0.18032786885245902 0.2459016393442623 0.18032786885245902 
0.234375 0.1875 0.1875 0.21875 0.171875 
0.17757009345794392 0.16822429906542055 0.21495327102803738 0.29906542056074764 0.14018691588785046 
0.2549019607843137 0.1568627450980392 0.1568627450980392 0.2647058823529412 0.16666666666666666 
0.29310344827586204 0.19827586206896552 0.15517241379310345 0.23275862068965517 0.1206896551724138 
0.2786885245901639 0.1557377049180328 0.19672131147540983 0.19672131147540983 0.1721311475409836 
0.24 0.17333333333333334 0.24 0.16 0.18666666666666668 
0.216 0.272 0.12 0.152 0.24 
0.1271186440677966 0.3474576271186441 0.15254237288135594 0.13559322033898305 0.23728813559322035 
0.23008849557522124 0.17699115044247787 0.23008849557522124 0.24778761061946902 0.11504424778761062 
0.1326530612244898 0.15306122448979592 0.20408163265306123 0.3163265306122449 0.19387755102040816 
0.13274336283185842 0.09734513274336283 0.13274336283185842 0.48672566371681414 0.1504424778761062 
0.19718309859154928 0.15492957746478872 0.18309859154929578 0.30985915492957744 0.15492957746478872 
0.15447154471544716 0.13008130081300814 0.17886178861788618 0.24390243902439024 0.2926829268292683 
0.1956521739130435 0.20652173913043478 0.18478260869565216 0.20652173913043478 0.20652173913043478 
0.2077922077922078 0.12987012987012986 0.2857142857142857 0.22077922077922077 0.15584415584415584 
0.21153846153846154 0.16346153846153846 0.20192307692307693 0.21153846153846154 0.21153846153846154 
0.1810344827586207 0.14655172413793102 0.15517241379310345 0.21551724137931033 0.3017241379310345 
0.1368421052631579 0.17894736842105263 0.23157894736842105 0.1368421052631579 0.3157894736842105 
0.20987654320987653 0.13580246913580246 0.19753086419753085 0.2839506172839506 0.1728395061728395 
0.18181818181818182 0.16883116883116883 0.16883116883116883 0.3116883116883117 0.16883116883116883 
0.15384615384615385 0.2403846153846154 0.20192307692307693 0.2692307692307692 0.1346153846153846 
0.21052631578947367 0.19298245614035087 0.19298245614035087 0.21052631578947367 0.19298245614035087 
0.21739130434782608 0.14130434782608695 0.17391304347826086 0.29347826086956524 0.17391304347826086 
0.17391304347826086 0.18840579710144928 0.18840579710144928 0.2463768115942029 0.2028985507246377 
0.17834394904458598 0.14012738853503184 0.17197452229299362 0.1910828025477707 0.3184713375796178 
0.14285714285714285 0.21182266009852216 0.10837438423645321 0.1477832512315271 0.3891625615763547 
0.13861386138613863 0.24752475247524752 0.16831683168316833 0.21782178217821782 0.22772277227722773 
0.13636363636363635 0.19480519480519481 0.14935064935064934 0.17532467532467533 0.34415584415584416 
0.20238095238095238 0.19047619047619047 0.15476190476190477 0.19047619047619047 0.2619047619047619 
0.1746031746031746 0.20634920634920634 0.19047619047619047 0.1746031746031746 0.25396825396825395 
0.17333333333333334 0.17333333333333334 0.14666666666666667 0.16 0.3466666666666667 
0.24561403508771928 0.17543859649122806 0.17543859649122806 0.21052631578947367 0.19298245614035087 
0.1566265060240964 0.1686746987951807 0.18072289156626506 0.2289156626506024 0.26506024096385544 
0.125 0.18333333333333332 0.14166666666666666 0.23333333333333334 0.31666666666666665 
0.175 0.2 0.1375 0.225 0.2625 
0.11764705882352941 0.3445378151260504 0.10084033613445378 0.14285714285714285 0.29411764705882354 
0.16447368421052633 0.18421052631578946 0.09868421052631579 0.2631578947368421 0.2894736842105263 
0.2079207920792079 0.3069306930693069 0.16831683168316833 0.2079207920792079 0.10891089108910891 
0.21333333333333335 0.26666666666666666 0.13333333333333333 0.24 0.14666666666666667 
0.2 0.2 0.2 0.21818181818181817 0.18181818181818182 
0.13636363636363635 0.13636363636363635 0.17272727272727273 0.4090909090909091 0.14545454545454545 
0.20238095238095238 0.17857142857142858 0.15476190476190477 0.2976190476190476 0.16666666666666666 
0.19047619047619047 0.2222222222222222 0.15873015873015872 0.23809523809523808 0.19047619047619047 
0.14925373134328357 0.1791044776119403 0.1791044776119403 0.3283582089552239 0.16417910447761194 
0.26865671641791045 0.208955223880597 0.19402985074626866 0.16417910447761194 0.16417910447761194 
0.13924050632911392 0.24050632911392406 0.16455696202531644 0.22784810126582278 0.22784810126582278 
0.15463917525773196 0.18556701030927836 0.14432989690721648 0.26804123711340205 0.24742268041237114 
0.25510204081632654 0.21428571428571427 0.17346938775510204 0.19387755102040816 0.16326530612244897 
0.13095238095238096 0.14285714285714285 0.16666666666666666 0.23809523809523808 0.32142857142857145 
0.22058823529411764 0.17647058823529413 0.17647058823529413 0.25 0.17647058823529413 
0.18309859154929578 0.15492957746478872 0.18309859154929578 0.2535211267605634 0.22535211267605634 
0.20634920634920634 0.15873015873015872 0.19047619047619047 0.23809523809523808 0.20634920634920634 
0.1827956989247312 0.23655913978494625 0.11827956989247312 0.27956989247311825 0.1827956989247312 
0.19117647058823528 0.16176470588235295 0.20588235294117646 0.2647058823529412 0.17647058823529413 
0.21428571428571427 0.17857142857142858 0.17857142857142858 0.21428571428571427 0.21428571428571427 
0.2441860465116279 0.1744186046511628 0.16279069767441862 0.29069767441860467 0.12790697674418605 
0.16176470588235295 0.17647058823529413 0.19117647058823528 0.3235294117647059 0.14705882352941177 
0.19230769230769232 0.1794871794871795 0.16666666666666666 0.2948717948717949 0.16666666666666666 
0.19540229885057472 0.19540229885057472 0.1839080459770115 0.27586206896551724 0.14942528735632185 
0.15294117647058825 0.2235294117647059 0.18823529411764706 0.23529411764705882 0.2 
0.15384615384615385 0.23076923076923078 0.17307692307692307 0.3173076923076923 0.125 
0.17721518987341772 0.13924050632911392 0.16455696202531644 0.13924050632911392 0.379746835443038 
0.18571428571428572 0.18571428571428572 0.17142857142857143 0.3 0.15714285714285714 
0.14285714285714285 0.2087912087912088 0.12087912087912088 0.3516483516483517 0.17582417582417584 
0.18840579710144928 0.15942028985507245 0.21739130434782608 0.2608695652173913 0.17391304347826086 
0.26595744680851063 0.18085106382978725 0.1595744680851064 0.2553191489361702 0.13829787234042554 
0.20270270270270271 0.17567567567567569 0.16216216216216217 0.24324324324324326 0.21621621621621623 
0.2261904761904762 0.21428571428571427 0.11904761904761904 0.17857142857142858 0.2619047619047619 
0.17 0.15 0.16 0.21 0.31 
0.2222222222222222 0.15873015873015872 0.2222222222222222 0.19047619047619047 0.20634920634920634 
0.16666666666666666 0.16666666666666666 0.19444444444444445 0.2222222222222222 0.25 
0.1506849315068493 0.136986301369863 0.273972602739726 0.2465753424657534 0.1917808219178082 
0.1744186046511628 0.18604651162790697 0.19767441860465115 0.3023255813953488 0.13953488372093023 
0.18571428571428572 0.21428571428571427 0.15714285714285714 0.2714285714285714 0.17142857142857143 
0.2222222222222222 0.13580246913580246 0.13580246913580246 0.32098765432098764 0.18518518518518517 
0.10559006211180125 0.15527950310559005 0.17391304347826086 0.4161490683229814 0.14906832298136646 
0.1391304347826087 0.14782608695652175 0.1 0.4043478260869565 0.20869565217391303 
0.13924050632911392 0.22784810126582278 0.21518987341772153 0.25316455696202533 0.16455696202531644 
0.1780821917808219 0.1643835616438356 0.1780821917808219 0.2602739726027397 0.2191780821917808 
0.15384615384615385 0.16923076923076924 0.2153846153846154 0.24615384615384617 0.2153846153846154 
0.18333333333333332 0.16666666666666666 0.21666666666666667 0.26666666666666666 0.16666666666666666 
0.22807017543859648 0.17543859649122806 0.17543859649122806 0.22807017543859648 0.19298245614035087 
0.16666666666666666 0.18055555555555555 0.18055555555555555 0.3055555555555556 0.16666666666666666 
0.16129032258064516 0.1774193548387097 0.16129032258064516 0.27419354838709675 0.22580645161290322 
0.1686746987951807 0.1927710843373494 0.21686746987951808 0.26506024096385544 0.1566265060240964 
0.17105263157894737 0.14473684210526316 0.15789473684210525 0.3815789473684211 0.14473684210526316 
0.2037037037037037 0.18518518518518517 0.18518518518518517 0.2222222222222222 0.2037037037037037 
0.17777777777777778 0.4666666666666667 0.1259259259259259 0.1111111111111111 0.11851851851851852 
0.18032786885245902 0.2459016393442623 0.16393442622950818 0.22950819672131148 0.18032786885245902 
0.1625 0.325 0.1875 0.175 0.15 
0.19480519480519481 0.2077922077922078 0.23376623376623376 0.18181818181818182 0.18181818181818182 
0.18072289156626506 0.30120481927710846 0.1686746987951807 0.18072289156626506 0.1686746987951807 
0.1839080459770115 0.21839080459770116 0.13793103448275862 0.20689655172413793 0.25287356321839083 
0.1411764705882353 0.2235294117647059 0.1411764705882353 0.29411764705882354 0.2 
0.21 0.24 0.16 0.17 0.22 
0.1349206349206349 0.4523809523809524 0.1349206349206349 0.1349206349206349 0.14285714285714285 
0.14925373134328357 0.26865671641791045 0.16417910447761194 0.23880597014925373 0.1791044776119403 
0.18435754189944134 0.3743016759776536 0.22905027932960895 0.10614525139664804 0.10614525139664804 
0.18421052631578946 0.2894736842105263 0.15789473684210525 0.2236842105263158 0.14473684210526316 
0.21678321678321677 0.22377622377622378 0.13286713286713286 0.27972027972027974 0.14685314685314685 
0.1721311475409836 0.26229508196721313 0.13934426229508196 0.29508196721311475 0.13114754098360656 
0.21052631578947367 0.16842105263157894 0.16842105263157894 0.29473684210526313 0.15789473684210525 
0.19444444444444445 0.16666666666666666 0.18055555555555555 0.2638888888888889 0.19444444444444445 
0.28378378378378377 0.21621621621621623 0.17567567567567569 0.16216216216216217 0.16216216216216217 
0.26506024096385544 0.24096385542168675 0.1927710843373494 0.1686746987951807 0.13253012048192772 
0.16417910447761194 0.19402985074626866 0.1791044776119403 0.2537313432835821 0.208955223880597 
0.18181818181818182 0.18181818181818182 0.2 0.2545454545454545 0.18181818181818182 
0.17543859649122806 0.23684210526315788 0.16666666666666666 0.14912280701754385 0.2719298245614035 
0.20634920634920634 0.20634920634920634 0.23809523809523808 0.19047619047619047 0.15873015873015872 
0.2236842105263158 0.3157894736842105 0.15789473684210525 0.14473684210526316 0.15789473684210525 
0.2054794520547945 0.2328767123287671 0.1643835616438356 0.2465753424657534 0.1506849315068493 
0.13761467889908258 0.1926605504587156 0.12844036697247707 0.22935779816513763 0.3119266055045872 
0.2222222222222222 0.21296296296296297 0.23148148148148148 0.2037037037037037 0.12962962962962962 
0.18666666666666668 0.14666666666666667 0.17333333333333334 0.22666666666666666 0.26666666666666666 
0.1864406779661017 0.1694915254237288 0.1864406779661017 0.23728813559322035 0.22033898305084745 
0.23863636363636365 0.2727272727272727 0.13636363636363635 0.18181818181818182 0.17045454545454544 
0.18032786885245902 0.18032786885245902 0.18032786885245902 0.2459016393442623 0.21311475409836064 
0.22972972972972974 0.21621621621621623 0.1891891891891892 0.22972972972972974 0.13513513513513514 
0.1484375 0.171875 0.1640625 0.2265625 0.2890625 
0.1793478260869565 0.18478260869565216 0.14673913043478262 0.15760869565217392 0.33152173913043476 
0.15151515151515152 0.1414141414141414 0.16161616161616163 0.35353535353535354 0.1919191919191919 
0.18571428571428572 0.21428571428571427 0.15714285714285714 0.2 0.24285714285714285 
0.13793103448275862 0.13793103448275862 0.16379310344827586 0.13793103448275862 0.4224137931034483 
0.16666666666666666 0.19444444444444445 0.2361111111111111 0.1527777777777778 0.25 
0.21568627450980393 0.19607843137254902 0.19607843137254902 0.19607843137254902 0.19607843137254902 
0.21951219512195122 0.14634146341463414 0.14634146341463414 0.17886178861788618 0.3089430894308943 
0.12188365650969529 0.11357340720221606 0.09418282548476455 0.16620498614958448 0.5041551246537396 
0.2072072072072072 0.14414414414414414 0.2072072072072072 0.1891891891891892 0.25225225225225223 
0.18072289156626506 0.1927710843373494 0.18072289156626506 0.20481927710843373 0.24096385542168675 
0.14410480349344978 0.2183406113537118 0.1091703056768559 0.1091703056768559 0.4192139737991266 
0.18181818181818182 0.1414141414141414 0.1717171717171717 0.21212121212121213 0.29292929292929293 
0.2077922077922078 0.14285714285714285 0.22077922077922077 0.16883116883116883 0.2597402597402597 
0.11875 0.5875 0.13125 0.0875 0.075 
0.25555555555555554 0.28888888888888886 0.16666666666666666 0.14444444444444443 0.14444444444444443 
0.1724137931034483 0.22413793103448276 0.20689655172413793 0.1896551724137931 0.20689655172413793 
0.17333333333333334 0.3333333333333333 0.13333333333333333 0.18666666666666668 0.17333333333333334 
0.1485148514851485 0.3069306930693069 0.25742574257425743 0.12871287128712872 0.15841584158415842 
0.1794871794871795 0.21794871794871795 0.20512820512820512 0.1794871794871795 0.21794871794871795 
0.17567567567567569 0.25675675675675674 0.20270270270270271 0.16216216216216217 0.20270270270270271 
0.12222222222222222 0.3 0.2222222222222222 0.2 0.15555555555555556 
0.1391304347826087 0.17391304347826086 0.2782608695652174 0.1391304347826087 0.26956521739130435 
0.205607476635514 0.19626168224299065 0.16822429906542055 0.17757009345794392 0.2523364485981308 
0.16083916083916083 0.13986013986013987 0.11188811188811189 0.17482517482517482 0.4125874125874126 
0.15625 0.1875 0.16666666666666666 0.1875 0.3020833333333333 
0.13768115942028986 0.12318840579710146 0.16666666666666666 0.15217391304347827 0.42028985507246375 
0.20491803278688525 0.16393442622950818 0.13114754098360656 0.1721311475409836 0.32786885245901637 
0.20634920634920634 0.1746031746031746 0.19047619047619047 0.19047619047619047 0.23809523809523808 
0.14285714285714285 0.16806722689075632 0.15126050420168066 0.18487394957983194 0.35294117647058826 
0.2619047619047619 0.16666666666666666 0.13095238095238096 0.19047619047619047 0.25 
0.11904761904761904 0.2523809523809524 0.11428571428571428 0.1380952380952381 0.3761904761904762 
0.2235294117647059 0.2235294117647059 0.1411764705882353 0.18823529411764706 0.2235294117647059 
0.18823529411764706 0.16470588235294117 0.2 0.17647058823529413 0.27058823529411763 
0.17094017094017094 0.21367521367521367 0.11965811965811966 0.09401709401709402 0.4017094017094017 
0.20454545454545456 0.125 0.19318181818181818 0.2159090909090909 0.26136363636363635 
0.1896551724137931 0.31896551724137934 0.09482758620689655 0.16379310344827586 0.23275862068965517 
0.175 0.225 0.1875 0.1375 0.275 
0.18604651162790697 0.19767441860465115 0.1511627906976744 0.1511627906976744 0.313953488372093 
0.18478260869565216 0.13043478260869565 0.1956521739130435 0.13043478260869565 0.358695652173913 
0.1746031746031746 0.2222222222222222 0.1111111111111111 0.15873015873015872 0.3333333333333333 
0.2 0.18888888888888888 0.14444444444444443 0.2 0.26666666666666666 
0.19310344827586207 0.2 0.12413793103448276 0.1793103448275862 0.30344827586206896 
0.20408163265306123 0.22448979591836735 0.1326530612244898 0.14285714285714285 0.29591836734693877 
0.15853658536585366 0.18292682926829268 0.15853658536585366 0.17073170731707318 0.32926829268292684 
0.18095238095238095 0.14285714285714285 0.17142857142857143 0.1523809523809524 0.3523809523809524 
0.14444444444444443 0.14444444444444443 0.16666666666666666 0.2 0.34444444444444444 
0.2 0.18333333333333332 0.18333333333333332 0.23333333333333334 0.2 
0.16666666666666666 0.14166666666666666 0.14166666666666666 0.18333333333333332 0.36666666666666664 
0.14285714285714285 0.1978021978021978 0.17582417582417584 0.18681318681318682 0.2967032967032967 
0.17073170731707318 0.2804878048780488 0.18292682926829268 0.21951219512195122 0.14634146341463414 
0.29850746268656714 0.1791044776119403 0.1791044776119403 0.14925373134328357 0.19402985074626866 
0.18803418803418803 0.3418803418803419 0.13675213675213677 0.1623931623931624 0.17094017094017094 
0.17857142857142858 0.21428571428571427 0.21428571428571427 0.21428571428571427 0.17857142857142858 
0.16883116883116883 0.23376623376623376 0.18181818181818182 0.22077922077922077 0.19480519480519481 
0.22535211267605634 0.2112676056338028 0.16901408450704225 0.18309859154929578 0.2112676056338028 
0.16393442622950818 0.22950819672131148 0.18032786885245902 0.19672131147540983 0.22950819672131148 
0.17647058823529413 0.20588235294117646 0.19117647058823528 0.25 0.17647058823529413 
0.17142857142857143 0.2857142857142857 0.19047619047619047 0.1619047619047619 0.19047619047619047 
0.14563106796116504 0.3106796116504854 0.1262135922330097 0.1553398058252427 0.2621359223300971 
0.18032786885245902 0.29508196721311475 0.16393442622950818 0.19672131147540983 0.16393442622950818 
0.17073170731707318 0.2804878048780488 0.18292682926829268 0.17073170731707318 0.1951219512195122 
0.171875 0.234375 0.1875 0.203125 0.203125 
0.18032786885245902 0.22950819672131148 0.19672131147540983 0.22950819672131148 0.16393442622950818 
0.21311475409836064 0.19672131147540983 0.19672131147540983 0.22950819672131148 0.16393442622950818 
0.2191780821917808 0.2465753424657534 0.136986301369863 0.2054794520547945 0.1917808219178082 
0.19672131147540983 0.19672131147540983 0.16393442622950818 0.2459016393442623 0.19672131147540983 
0.23076923076923078 0.16923076923076924 0.18461538461538463 0.23076923076923078 0.18461538461538463 
0.2318840579710145 0.17391304347826086 0.15942028985507245 0.2318840579710145 0.2028985507246377 
0.18181818181818182 0.21818181818181817 0.1 0.37272727272727274 0.12727272727272726 
0.203125 0.25 0.171875 0.203125 0.171875 
0.2033898305084746 0.11864406779661017 0.3220338983050847 0.15254237288135594 0.2033898305084746 
0.2714285714285714 0.18571428571428572 0.21428571428571427 0.18571428571428572 0.14285714285714285 
0.39622641509433965 0.1509433962264151 0.11320754716981132 0.19811320754716982 0.14150943396226415 
0.44144144144144143 0.16216216216216217 0.10810810810810811 0.14414414414414414 0.14414414414414414 
0.39361702127659576 0.1595744680851064 0.1702127659574468 0.14893617021276595 0.1276595744680851 
0.24242424242424243 0.18181818181818182 0.21212121212121213 0.18181818181818182 0.18181818181818182 
0.2571428571428571 0.15714285714285714 0.17142857142857143 0.24285714285714285 0.17142857142857143 
0.26229508196721313 0.16393442622950818 0.18032786885245902 0.16393442622950818 0.22950819672131148 
0.3473684210526316 0.16842105263157894 0.18947368421052632 0.17894736842105263 0.11578947368421053 
0.3939393939393939 0.17424242424242425 0.17424242424242425 0.14393939393939395 0.11363636363636363 
0.36470588235294116 0.1411764705882353 0.1411764705882353 0.2 0.15294117647058825 
0.49673202614379086 0.13725490196078433 0.1437908496732026 0.0915032679738562 0.13071895424836602 
0.41818181818181815 0.13636363636363635 0.15454545454545454 0.16363636363636364 0.12727272727272726 
0.26666666666666666 0.16 0.2 0.18666666666666668 0.18666666666666668 
0.34615384615384615 0.1794871794871795 0.14102564102564102 0.19230769230769232 0.14102564102564102 
0.33783783783783783 0.13513513513513514 0.1891891891891892 0.1891891891891892 0.14864864864864866 
0.4056603773584906 0.16037735849056603 0.11320754716981132 0.14150943396226415 0.1792452830188679 
0.25333333333333335 0.16 0.22666666666666666 0.2 0.16 
0.452991452991453 0.13675213675213677 0.15384615384615385 0.15384615384615385 0.10256410256410256 
0.16923076923076924 0.2 0.2 0.2 0.23076923076923078 
0.2840909090909091 0.19318181818181818 0.19318181818181818 0.2159090909090909 0.11363636363636363 
0.37815126050420167 0.15126050420168066 0.2184873949579832 0.15126050420168066 0.10084033613445378 
0.2112676056338028 0.19718309859154928 0.19718309859154928 0.18309859154929578 0.2112676056338028 
0.3963963963963964 0.11711711711711711 0.16216216216216217 0.2072072072072072 0.11711711711711711 
0.3564356435643564 0.10891089108910891 0.2079207920792079 0.19801980198019803 0.12871287128712872 
0.22807017543859648 0.3157894736842105 0.17543859649122806 0.13157894736842105 0.14912280701754385 
0.1440677966101695 0.17796610169491525 0.11864406779661017 0.2288135593220339 0.3305084745762712 
0.19469026548672566 0.21238938053097345 0.168141592920354 0.1415929203539823 0.2831858407079646 
0.23376623376623376 0.22727272727272727 0.09740259740259741 0.12987012987012986 0.3116883116883117 
0.15 0.14 0.15 0.2 0.36 
0.20270270270270271 0.1891891891891892 0.1891891891891892 0.21621621621621623 0.20270270270270271 
0.21875 0.1875 0.1875 0.171875 0.234375 
0.2112676056338028 0.18309859154929578 0.18309859154929578 0.15492957746478872 0.2676056338028169 
0.203125 0.171875 0.15625 0.234375 0.234375 
0.25 0.125 0.18333333333333332 0.18333333333333332 0.25833333333333336 
0.16666666666666666 0.15384615384615385 0.1794871794871795 0.24358974358974358 0.2564102564102564 
0.15384615384615385 0.15384615384615385 0.2 0.23076923076923078 0.26153846153846155 
0.18181818181818182 0.21818181818181817 0.18181818181818182 0.2 0.21818181818181817 
0.19736842105263158 0.18421052631578946 0.17105263157894737 0.15789473684210525 0.2894736842105263 
0.19672131147540983 0.19672131147540983 0.16393442622950818 0.16393442622950818 0.2786885245901639 
0.17105263157894737 0.18421052631578946 0.13157894736842105 0.18421052631578946 0.32894736842105265 
0.25882352941176473 0.1411764705882353 0.15294117647058825 0.23529411764705882 0.21176470588235294 
0.20588235294117646 0.17647058823529413 0.16176470588235295 0.17647058823529413 0.27941176470588236 
0.14864864864864866 0.32432432432432434 0.17567567567567569 0.16216216216216217 0.1891891891891892 
0.16216216216216217 0.16216216216216217 0.14864864864864866 0.22972972972972974 0.2972972972972973 
0.16666666666666666 0.2 0.2 0.18333333333333332 0.25 
0.2147239263803681 0.22699386503067484 0.09202453987730061 0.22085889570552147 0.24539877300613497 
0.23170731707317074 0.2682926829268293 0.14634146341463414 0.14634146341463414 0.2073170731707317 
0.17391304347826086 0.18840579710144928 0.15942028985507245 0.2898550724637681 0.18840579710144928 
0.2222222222222222 0.24444444444444444 0.12222222222222222 0.2 0.2111111111111111 
0.2891566265060241 0.14457831325301204 0.20481927710843373 0.1927710843373494 0.1686746987951807 
0.2 0.2 0.21666666666666667 0.2 0.18333333333333332 
0.18333333333333332 0.2 0.16666666666666666 0.21666666666666667 0.23333333333333334 
0.22857142857142856 0.15714285714285714 0.2 0.24285714285714285 0.17142857142857143 
0.20481927710843373 0.1566265060240964 0.2289156626506024 0.1927710843373494 0.21686746987951808 
0.1958762886597938 0.17525773195876287 0.16494845360824742 0.17525773195876287 0.28865979381443296 
0.17757009345794392 0.14953271028037382 0.14953271028037382 0.21495327102803738 0.308411214953271 
0.18571428571428572 0.17142857142857143 0.17142857142857143 0.22857142857142856 0.24285714285714285 
0.19444444444444445 0.20833333333333334 0.19444444444444445 0.16666666666666666 0.2361111111111111 
0.18840579710144928 0.2608695652173913 0.2028985507246377 0.15942028985507245 0.18840579710144928 
0.2 0.17142857142857143 0.17142857142857143 0.24285714285714285 0.21428571428571427 
0.2222222222222222 0.2222222222222222 0.16049382716049382 0.2222222222222222 0.1728395061728395 
0.1956521739130435 0.1956521739130435 0.15217391304347827 0.2608695652173913 0.1956521739130435 
0.1484375 0.140625 0.1484375 0.3671875 0.1953125 
0.21212121212121213 0.16666666666666666 0.15151515151515152 0.30303030303030304 0.16666666666666666 
0.17105263157894737 0.18421052631578946 0.18421052631578946 0.3157894736842105 0.14473684210526316 
0.10218978102189781 0.36496350364963503 0.12408759124087591 0.2773722627737226 0.13138686131386862 
0.17699115044247787 0.1592920353982301 0.12389380530973451 0.415929203539823 0.12389380530973451 
0.12727272727272726 0.2 0.09696969696969697 0.40606060606060607 0.1696969696969697 
0.18666666666666668 0.2 0.17333333333333334 0.21333333333333335 0.22666666666666666 
0.14285714285714285 0.18571428571428572 0.22857142857142856 0.2 0.24285714285714285 
0.13934426229508196 0.23770491803278687 0.1557377049180328 0.32786885245901637 0.13934426229508196 
0.15294117647058825 0.2823529411764706 0.17647058823529413 0.17647058823529413 0.21176470588235294 
0.23333333333333334 0.21666666666666667 0.16666666666666666 0.21666666666666667 0.16666666666666666 
0.17543859649122806 0.19298245614035087 0.19298245614035087 0.22807017543859648 0.21052631578947367 
0.21153846153846154 0.3173076923076923 0.10576923076923077 0.19230769230769232 0.17307692307692307 
0.1736111111111111 0.2986111111111111 0.1736111111111111 0.1597222222222222 0.19444444444444445 
0.19607843137254902 0.21568627450980393 0.19607843137254902 0.19607843137254902 0.19607843137254902 
0.21428571428571427 0.23015873015873015 0.0873015873015873 0.30952380952380953 0.15873015873015872 
0.18518518518518517 0.2222222222222222 0.18518518518518517 0.2037037037037037 0.2037037037037037 
0.203125 0.203125 0.171875 0.203125 0.21875 
0.14705882352941177 0.19117647058823528 0.14705882352941177 0.3088235294117647 0.20588235294117646 
0.1694915254237288 0.23728813559322035 0.1864406779661017 0.2033898305084746 0.2033898305084746 
0.14925373134328357 0.22388059701492538 0.19402985074626866 0.26865671641791045 0.16417910447761194 
0.19444444444444445 0.2361111111111111 0.18055555555555555 0.1388888888888889 0.25 
0.20270270270270271 0.2702702702702703 0.13513513513513514 0.1891891891891892 0.20270270270270271 
0.22340425531914893 0.35106382978723405 0.14893617021276595 0.1276595744680851 0.14893617021276595 
0.1864406779661017 0.22033898305084745 0.1864406779661017 0.22033898305084745 0.1864406779661017 
