0.16666666666666666 0.13541666666666666 0.15625 0.22916666666666666 0.3125 
0.20588235294117646 0.16176470588235295 0.22058823529411764 0.22058823529411764 0.19117647058823528 
0.203125 0.203125 0.203125 0.1875 0.203125 
0.1917808219178082 0.2054794520547945 0.2876712328767123 0.1643835616438356 0.1506849315068493 
0.20481927710843373 0.14457831325301204 0.30120481927710846 0.18072289156626506 0.1686746987951807 
0.18181818181818182 0.17045454545454544 0.2159090909090909 0.25 0.18181818181818182 
0.19480519480519481 0.19480519480519481 0.16883116883116883 0.2727272727272727 0.16883116883116883 
0.2169811320754717 0.2358490566037736 0.14150943396226415 0.27358490566037735 0.1320754716981132 
0.2602739726027397 0.2054794520547945 0.2465753424657534 0.1506849315068493 0.136986301369863 
0.16901408450704225 0.16901408450704225 0.2535211267605634 0.19718309859154928 0.2112676056338028 
0.20588235294117646 0.20588235294117646 0.22058823529411764 0.22058823529411764 0.14705882352941177 
0.14414414414414414 0.536036036036036 0.12162162162162163 0.0945945945945946 0.1036036036036036 
0.12878787878787878 0.4166666666666667 0.13636363636363635 0.17424242424242425 0.14393939393939395 
0.1527777777777778 0.1527777777777778 0.1527777777777778 0.2638888888888889 0.2777777777777778 
0.24719101123595505 0.1797752808988764 0.19101123595505617 0.16853932584269662 0.21348314606741572 
0.19672131147540983 0.19672131147540983 0.18032786885245902 0.21311475409836064 0.21311475409836064 
0.23333333333333334 0.16666666666666666 0.21666666666666667 0.21666666666666667 0.16666666666666666 
0.24444444444444444 0.13333333333333333 0.13333333333333333 0.28888888888888886 0.2 
0.1958041958041958 0.3006993006993007 0.1958041958041958 0.14685314685314685 0.16083916083916083 
0.19117647058823528 0.22058823529411764 0.19117647058823528 0.22058823529411764 0.17647058823529413 
0.1518987341772152 0.21518987341772153 0.20253164556962025 0.17721518987341772 0.25316455696202533 
0.18840579710144928 0.15942028985507245 0.18840579710144928 0.2028985507246377 0.2608695652173913 
0.24242424242424243 0.24242424242424243 0.16666666666666666 0.16666666666666666 0.18181818181818182 
0.1896551724137931 0.1896551724137931 0.20689655172413793 0.1724137931034483 0.2413793103448276 
0.21666666666666667 0.13333333333333333 0.2 0.175 0.275 
0.25688073394495414 0.1559633027522936 0.1559633027522936 0.22935779816513763 0.2018348623853211 
0.2753623188405797 0.15942028985507245 0.18840579710144928 0.21739130434782608 0.15942028985507245 
0.189873417721519 0.189873417721519 0.189873417721519 0.16455696202531644 0.26582278481012656 
0.2717391304347826 0.20108695652173914 0.08695652173913043 0.16847826086956522 0.2717391304347826 
0.1774193548387097 0.16129032258064516 0.20967741935483872 0.22580645161290322 0.22580645161290322 
0.1744186046511628 0.26744186046511625 0.18604651162790697 0.18604651162790697 0.18604651162790697 
0.15151515151515152 0.23232323232323232 0.15151515151515152 0.2828282828282828 0.18181818181818182 
0.15625 0.15625 0.4375 0.140625 0.109375 
0.25892857142857145 0.19642857142857142 0.20535714285714285 0.17857142857142858 0.16071428571428573 
0.18181818181818182 0.18181818181818182 0.19696969696969696 0.2727272727272727 0.16666666666666666 
0.21951219512195122 0.2073170731707317 0.24390243902439024 0.2073170731707317 0.12195121951219512 
0.22580645161290322 0.16129032258064516 0.25806451612903225 0.1935483870967742 0.16129032258064516 
0.1935483870967742 0.1827956989247312 0.27956989247311825 0.1935483870967742 0.15053763440860216 
0.2391304347826087 0.20652173913043478 0.25 0.18478260869565216 0.11956521739130435 
0.24271844660194175 0.1650485436893204 0.32038834951456313 0.1262135922330097 0.14563106796116504 
0.18181818181818182 0.19480519480519481 0.2597402597402597 0.16883116883116883 0.19480519480519481 
0.12639405204460966 0.17100371747211895 0.5018587360594795 0.10780669144981413 0.09293680297397769 
0.20833333333333334 0.18055555555555555 0.2222222222222222 0.2222222222222222 0.16666666666666666 
0.2535211267605634 0.19718309859154928 0.19718309859154928 0.16901408450704225 0.18309859154929578 
0.14606741573033707 0.15730337078651685 0.16853932584269662 0.30337078651685395 0.2247191011235955 
0.31666666666666665 0.15833333333333333 0.16666666666666666 0.175 0.18333333333333332 
0.3111111111111111 0.2833333333333333 0.12777777777777777 0.1388888888888889 0.1388888888888889 
0.2857142857142857 0.16883116883116883 0.15584415584415584 0.2077922077922078 0.18181818181818182 
0.4017857142857143 0.13392857142857142 0.09821428571428571 0.11607142857142858 0.25 
0.25196850393700787 0.28346456692913385 0.2047244094488189 0.13385826771653545 0.12598425196850394 
0.18571428571428572 0.22857142857142856 0.21428571428571427 0.21428571428571427 0.15714285714285714 
0.1566265060240964 0.2289156626506024 0.26506024096385544 0.1927710843373494 0.1566265060240964 
0.15584415584415584 0.16883116883116883 0.23376623376623376 0.24675324675324675 0.19480519480519481 
0.16417910447761194 0.16417910447761194 0.22388059701492538 0.2537313432835821 0.19402985074626866 
0.17543859649122806 0.19298245614035087 0.21052631578947367 0.21052631578947367 0.21052631578947367 
0.2033898305084746 0.1694915254237288 0.23728813559322035 0.2033898305084746 0.1864406779661017 
0.18571428571428572 0.22857142857142856 0.15714285714285714 0.18571428571428572 0.24285714285714285 
0.1724137931034483 0.19540229885057472 0.25287356321839083 0.19540229885057472 0.1839080459770115 
0.22972972972972974 0.17567567567567569 0.1891891891891892 0.21621621621621623 0.1891891891891892 
0.12149532710280374 0.37383177570093457 0.14953271028037382 0.22429906542056074 0.1308411214953271 
0.17391304347826086 0.18840579710144928 0.21739130434782608 0.2608695652173913 0.15942028985507245 
0.23076923076923078 0.3916083916083916 0.16083916083916083 0.11188811188811189 0.1048951048951049 
0.19047619047619047 0.3142857142857143 0.11428571428571428 0.2 0.18095238095238095 
0.15555555555555556 0.16666666666666666 0.2111111111111111 0.2111111111111111 0.25555555555555554 
0.22727272727272727 0.18181818181818182 0.15151515151515152 0.25757575757575757 0.18181818181818182 
0.17391304347826086 0.21739130434782608 0.15942028985507245 0.18840579710144928 0.2608695652173913 
0.15714285714285714 0.17142857142857143 0.32857142857142857 0.17142857142857143 0.17142857142857143 
0.15625 0.171875 0.296875 0.21875 0.15625 
0.19444444444444445 0.1388888888888889 0.3194444444444444 0.1527777777777778 0.19444444444444445 
0.16470588235294117 0.18823529411764706 0.29411764705882354 0.18823529411764706 0.16470588235294117 
0.1523809523809524 0.2 0.37142857142857144 0.13333333333333333 0.14285714285714285 
0.171875 0.125 0.4375 0.09375 0.171875 
0.19672131147540983 0.18032786885245902 0.19672131147540983 0.26229508196721313 0.16393442622950818 
0.19117647058823528 0.17647058823529413 0.23529411764705882 0.23529411764705882 0.16176470588235295 
0.18309859154929578 0.15492957746478872 0.323943661971831 0.16901408450704225 0.16901408450704225 
0.2222222222222222 0.20833333333333334 0.25 0.18055555555555555 0.1388888888888889 
0.20512820512820512 0.16666666666666666 0.24358974358974358 0.23076923076923078 0.15384615384615385 
0.15294117647058825 0.16470588235294117 0.29411764705882354 0.24705882352941178 0.1411764705882353 
0.18032786885245902 0.16393442622950818 0.2459016393442623 0.22950819672131148 0.18032786885245902 
0.208955223880597 0.1791044776119403 0.31343283582089554 0.1791044776119403 0.11940298507462686 
0.16417910447761194 0.19402985074626866 0.26865671641791045 0.22388059701492538 0.14925373134328357 
0.20430107526881722 0.23655913978494625 0.21505376344086022 0.20430107526881722 0.13978494623655913 
0.23728813559322035 0.1694915254237288 0.2033898305084746 0.1864406779661017 0.2033898305084746 
0.3013698630136986 0.23972602739726026 0.23972602739726026 0.14383561643835616 0.07534246575342465 
0.2878787878787879 0.16666666666666666 0.19696969696969696 0.15151515151515152 0.19696969696969696 
0.2222222222222222 0.16666666666666666 0.20833333333333334 0.25 0.1527777777777778 
0.20161290322580644 0.12903225806451613 0.25806451612903225 0.27419354838709675 0.13709677419354838 
0.3333333333333333 0.1919191919191919 0.1414141414141414 0.15151515151515152 0.18181818181818182 
0.1896551724137931 0.1896551724137931 0.20689655172413793 0.1896551724137931 0.22413793103448276 
0.2948717948717949 0.19230769230769232 0.1794871794871795 0.15384615384615385 0.1794871794871795 
0.34375 0.171875 0.1640625 0.1875 0.1328125 
0.25287356321839083 0.1839080459770115 0.19540229885057472 0.20689655172413793 0.16091954022988506 
0.24615384615384617 0.18461538461538463 0.18461538461538463 0.23076923076923078 0.15384615384615385 
0.20634920634920634 0.20634920634920634 0.1746031746031746 0.20634920634920634 0.20634920634920634 
0.20481927710843373 0.24096385542168675 0.1927710843373494 0.1566265060240964 0.20481927710843373 
0.1518987341772152 0.1518987341772152 0.189873417721519 0.20253164556962025 0.3037974683544304 
0.1774193548387097 0.16129032258064516 0.1935483870967742 0.1774193548387097 0.2903225806451613 
0.1875 0.15625 0.1875 0.234375 0.234375 
0.20353982300884957 0.21238938053097345 0.12389380530973451 0.20353982300884957 0.25663716814159293 
0.1794871794871795 0.16666666666666666 0.28205128205128205 0.21794871794871795 0.15384615384615385 
0.19900497512437812 0.3333333333333333 0.12935323383084577 0.22388059701492538 0.11442786069651742 
0.12871287128712872 0.22772277227722773 0.21782178217821782 0.16831683168316833 0.25742574257425743 
0.23529411764705882 0.20588235294117646 0.16176470588235295 0.20588235294117646 0.19117647058823528 
0.2631578947368421 0.18421052631578946 0.21052631578947367 0.18421052631578946 0.15789473684210525 
0.1694915254237288 0.1694915254237288 0.1864406779661017 0.2711864406779661 0.2033898305084746 
0.20481927710843373 0.1686746987951807 0.2289156626506024 0.20481927710843373 0.1927710843373494 
0.2727272727272727 0.15151515151515152 0.1414141414141414 0.25252525252525254 0.18181818181818182 
0.19047619047619047 0.2698412698412698 0.19047619047619047 0.1746031746031746 0.1746031746031746 
0.19148936170212766 0.2553191489361702 0.13829787234042554 0.19148936170212766 0.22340425531914893 
0.21333333333333335 0.17333333333333334 0.18666666666666668 0.17333333333333334 0.25333333333333335 
0.14184397163120568 0.3617021276595745 0.14184397163120568 0.2198581560283688 0.1347517730496454 
0.20967741935483872 0.1935483870967742 0.1774193548387097 0.22580645161290322 0.1935483870967742 
0.2037037037037037 0.18518518518518517 0.18518518518518517 0.2222222222222222 0.2037037037037037 
0.2153846153846154 0.2 0.2 0.14615384615384616 0.23846153846153847 
0.2857142857142857 0.16883116883116883 0.15584415584415584 0.23376623376623376 0.15584415584415584 
0.34951456310679613 0.22330097087378642 0.1650485436893204 0.14563106796116504 0.11650485436893204 
0.1864406779661017 0.1864406779661017 0.23728813559322035 0.22033898305084745 0.1694915254237288 
0.14814814814814814 0.16049382716049382 0.3333333333333333 0.18518518518518517 0.1728395061728395 
0.22388059701492538 0.1791044776119403 0.1791044776119403 0.23880597014925373 0.1791044776119403 
0.17857142857142858 0.17857142857142858 0.17857142857142858 0.2857142857142857 0.17857142857142858 
0.20754716981132076 0.18867924528301888 0.20754716981132076 0.20754716981132076 0.18867924528301888 
0.20833333333333334 0.16666666666666666 0.19444444444444445 0.2916666666666667 0.1388888888888889 
0.21052631578947367 0.18421052631578946 0.19736842105263158 0.2631578947368421 0.14473684210526316 
0.17647058823529413 0.2647058823529412 0.14705882352941177 0.22058823529411764 0.19117647058823528 
0.2653061224489796 0.23469387755102042 0.12244897959183673 0.21428571428571427 0.16326530612244897 
0.23728813559322035 0.1694915254237288 0.2033898305084746 0.22033898305084745 0.1694915254237288 
0.1 0.13636363636363635 0.4 0.2545454545454545 0.10909090909090909 
0.20238095238095238 0.15476190476190477 0.19047619047619047 0.2261904761904762 0.2261904761904762 
0.2 0.16666666666666666 0.23333333333333334 0.16666666666666666 0.23333333333333334 
0.140625 0.2109375 0.2890625 0.2421875 0.1171875 
0.16455696202531644 0.1518987341772152 0.27848101265822783 0.20253164556962025 0.20253164556962025 
0.22807017543859648 0.17543859649122806 0.21052631578947367 0.19298245614035087 0.19298245614035087 
0.2028985507246377 0.18840579710144928 0.21739130434782608 0.2318840579710145 0.15942028985507245 
0.16853932584269662 0.15730337078651685 0.3707865168539326 0.19101123595505617 0.11235955056179775 
0.21518987341772153 0.21518987341772153 0.16455696202531644 0.24050632911392406 0.16455696202531644 
0.16129032258064516 0.1935483870967742 0.1935483870967742 0.27419354838709675 0.1774193548387097 
0.155 0.285 0.18 0.16 0.22 
0.19428571428571428 0.2057142857142857 0.12571428571428572 0.18857142857142858 0.2857142857142857 
0.1527777777777778 0.16666666666666666 0.2916666666666667 0.19444444444444445 0.19444444444444445 
0.11607142857142858 0.14285714285714285 0.45535714285714285 0.15178571428571427 0.13392857142857142 
0.17094017094017094 0.17094017094017094 0.37606837606837606 0.13675213675213677 0.1452991452991453 
0.184 0.176 0.352 0.184 0.104 
0.203125 0.1875 0.234375 0.1875 0.1875 
0.11904761904761904 0.17857142857142858 0.23809523809523808 0.30952380952380953 0.15476190476190477 
0.15384615384615385 0.20192307692307693 0.38461538461538464 0.125 0.1346153846153846 
0.21311475409836064 0.18032786885245902 0.22950819672131148 0.19672131147540983 0.18032786885245902 
0.125 0.21428571428571427 0.38392857142857145 0.16964285714285715 0.10714285714285714 
0.2094240837696335 0.14659685863874344 0.46596858638743455 0.08376963350785341 0.09424083769633508 
0.15625 0.1640625 0.4453125 0.109375 0.125 
0.16853932584269662 0.16853932584269662 0.3707865168539326 0.14606741573033707 0.14606741573033707 
0.19444444444444445 0.20833333333333334 0.2361111111111111 0.18055555555555555 0.18055555555555555 
0.18333333333333332 0.2 0.21666666666666667 0.21666666666666667 0.18333333333333332 
0.2283464566929134 0.14960629921259844 0.2440944881889764 0.18110236220472442 0.1968503937007874 
0.16363636363636364 0.15757575757575756 0.3696969696969697 0.21212121212121213 0.09696969696969697 
0.18032786885245902 0.16393442622950818 0.3114754098360656 0.18032786885245902 0.16393442622950818 
0.1875 0.1875 0.28125 0.171875 0.171875 
0.17525773195876287 0.15463917525773196 0.3402061855670103 0.20618556701030927 0.12371134020618557 
0.17391304347826086 0.17391304347826086 0.21739130434782608 0.2463768115942029 0.18840579710144928 
0.21176470588235294 0.15294117647058825 0.27058823529411763 0.18823529411764706 0.17647058823529413 
0.13580246913580246 0.2222222222222222 0.2716049382716049 0.1728395061728395 0.19753086419753085 
0.17105263157894737 0.18421052631578946 0.3026315789473684 0.19736842105263158 0.14473684210526316 
0.18461538461538463 0.18461538461538463 0.24615384615384617 0.2153846153846154 0.16923076923076924 
0.19642857142857142 0.17857142857142858 0.17857142857142858 0.19642857142857142 0.25 
0.2871287128712871 0.13861386138613863 0.22772277227722773 0.21782178217821782 0.12871287128712872 
0.19444444444444445 0.16666666666666666 0.3425925925925926 0.16666666666666666 0.12962962962962962 
0.1746031746031746 0.1746031746031746 0.19047619047619047 0.25396825396825395 0.20634920634920634 
0.17307692307692307 0.25961538461538464 0.19230769230769232 0.22115384615384615 0.15384615384615385 
0.11009174311926606 0.1559633027522936 0.21100917431192662 0.25688073394495414 0.26605504587155965 
0.21686746987951808 0.20481927710843373 0.1927710843373494 0.2289156626506024 0.1566265060240964 
0.18421052631578946 0.2719298245614035 0.19298245614035087 0.21052631578947367 0.14035087719298245 
0.21052631578947367 0.22807017543859648 0.14912280701754385 0.23684210526315788 0.17543859649122806 
0.19642857142857142 0.17857142857142858 0.23214285714285715 0.21428571428571427 0.17857142857142858 
0.18181818181818182 0.2597402597402597 0.14285714285714285 0.14285714285714285 0.2727272727272727 
0.17567567567567569 0.22972972972972974 0.24324324324324326 0.14864864864864866 0.20270270270270271 
0.1875 0.171875 0.171875 0.234375 0.234375 
0.2328767123287671 0.1780821917808219 0.1917808219178082 0.1506849315068493 0.2465753424657534 
0.1388888888888889 0.16666666666666666 0.19444444444444445 0.2361111111111111 0.2638888888888889 
0.19708029197080293 0.15328467153284672 0.11678832116788321 0.17518248175182483 0.35766423357664234 
0.18584070796460178 0.17699115044247787 0.19469026548672566 0.1415929203539823 0.3008849557522124 
0.17391304347826086 0.17391304347826086 0.15942028985507245 0.14492753623188406 0.34782608695652173 
0.23 0.2 0.22 0.15 0.2 
0.1348314606741573 0.21348314606741572 0.1348314606741573 0.25842696629213485 0.25842696629213485 
0.12790697674418605 0.1744186046511628 0.13953488372093023 0.22093023255813954 0.3372093023255814 
0.16 0.21333333333333335 0.17333333333333334 0.21333333333333335 0.24 
0.125 0.20833333333333334 0.13333333333333333 0.3416666666666667 0.19166666666666668 
0.17567567567567569 0.2905405405405405 0.17567567567567569 0.14864864864864866 0.20945945945945946 
0.22169811320754718 0.20754716981132076 0.15566037735849056 0.27358490566037735 0.14150943396226415 
0.16901408450704225 0.16901408450704225 0.14084507042253522 0.22535211267605634 0.29577464788732394 
0.16666666666666666 0.15555555555555556 0.25555555555555554 0.2111111111111111 0.2111111111111111 
0.21 0.22 0.29 0.13 0.15 
0.1875 0.15178571428571427 0.39285714285714285 0.14285714285714285 0.125 
0.1643835616438356 0.1780821917808219 0.2191780821917808 0.2876712328767123 0.1506849315068493 
0.22950819672131148 0.19672131147540983 0.21311475409836064 0.18032786885245902 0.18032786885245902 
0.15463917525773196 0.16494845360824742 0.24742268041237114 0.18556701030927836 0.24742268041237114 
0.14583333333333334 0.16666666666666666 0.125 0.16666666666666666 0.3958333333333333 
0.1958762886597938 0.12371134020618557 0.21649484536082475 0.1958762886597938 0.26804123711340205 
0.17647058823529413 0.20588235294117646 0.20588235294117646 0.19117647058823528 0.22058823529411764 
0.17567567567567569 0.14864864864864866 0.1891891891891892 0.21621621621621623 0.2702702702702703 
0.20481927710843373 0.24096385542168675 0.21686746987951808 0.1566265060240964 0.18072289156626506 
0.2231404958677686 0.19834710743801653 0.09917355371900827 0.1487603305785124 0.3305785123966942 
0.2087912087912088 0.14285714285714285 0.10989010989010989 0.1978021978021978 0.34065934065934067 
0.13636363636363635 0.18181818181818182 0.14772727272727273 0.22727272727272727 0.3068181818181818 
0.17708333333333334 0.17708333333333334 0.16666666666666666 0.19791666666666666 0.28125 
0.20967741935483872 0.23387096774193547 0.1693548387096774 0.13709677419354838 0.25 
0.2808988764044944 0.19101123595505617 0.14606741573033707 0.1797752808988764 0.20224719101123595 
0.22018348623853212 0.22935779816513763 0.1651376146788991 0.22018348623853212 0.1651376146788991 
0.2112676056338028 0.16901408450704225 0.18309859154929578 0.18309859154929578 0.2535211267605634 
0.21238938053097345 0.13274336283185842 0.168141592920354 0.23008849557522124 0.25663716814159293 
0.17142857142857143 0.18571428571428572 0.22857142857142856 0.15714285714285714 0.2571428571428571 
0.21621621621621623 0.17567567567567569 0.17567567567567569 0.1891891891891892 0.24324324324324326 
0.1935483870967742 0.13978494623655913 0.15053763440860216 0.21505376344086022 0.3010752688172043 
0.18681318681318682 0.16483516483516483 0.17582417582417584 0.18681318681318682 0.2857142857142857 
0.23655913978494625 0.22580645161290322 0.1827956989247312 0.16129032258064516 0.1935483870967742 
0.1511627906976744 0.1744186046511628 0.22093023255813954 0.1744186046511628 0.27906976744186046 
0.17525773195876287 0.21649484536082475 0.1958762886597938 0.18556701030927836 0.2268041237113402 
0.18181818181818182 0.15151515151515152 0.18181818181818182 0.19696969696969696 0.2878787878787879 
0.1935483870967742 0.13978494623655913 0.17204301075268819 0.3010752688172043 0.1935483870967742 
0.17777777777777778 0.25555555555555554 0.14444444444444443 0.26666666666666666 0.15555555555555556 
0.2318840579710145 0.17391304347826086 0.17391304347826086 0.21739130434782608 0.2028985507246377 
0.1780821917808219 0.1506849315068493 0.2328767123287671 0.2328767123287671 0.2054794520547945 
0.1935483870967742 0.25806451612903225 0.1774193548387097 0.1774193548387097 0.1935483870967742 
0.2 0.2 0.18461538461538463 0.2 0.2153846153846154 
0.16783216783216784 0.3916083916083916 0.13986013986013987 0.13286713286713286 0.16783216783216784 
0.20408163265306123 0.2653061224489796 0.14285714285714285 0.19387755102040816 0.19387755102040816 
0.21621621621621623 0.18018018018018017 0.17117117117117117 0.32432432432432434 0.10810810810810811 
0.18333333333333332 0.21666666666666667 0.2 0.2 0.2 
0.19047619047619047 0.34523809523809523 0.14285714285714285 0.17857142857142858 0.14285714285714285 
0.2153846153846154 0.2153846153846154 0.15384615384615385 0.24615384615384617 0.16923076923076924 
0.2875 0.23125 0.10625 0.1875 0.1875 
0.22580645161290322 0.26881720430107525 0.17204301075268819 0.15053763440860216 0.1827956989247312 
0.2261904761904762 0.2261904761904762 0.19047619047619047 0.20238095238095238 0.15476190476190477 
0.20987654320987653 0.25925925925925924 0.19753086419753085 0.1728395061728395 0.16049382716049382 
0.2222222222222222 0.2740740740740741 0.16296296296296298 0.14074074074074075 0.2 
0.12060301507537688 0.3065326633165829 0.1658291457286432 0.271356783919598 0.135678391959799 
0.21978021978021978 0.13186813186813187 0.2087912087912088 0.21978021978021978 0.21978021978021978 
0.17105263157894737 0.2631578947368421 0.14473684210526316 0.2894736842105263 0.13157894736842105 
0.15853658536585366 0.2926829268292683 0.1951219512195122 0.18292682926829268 0.17073170731707318 
0.1417910447761194 0.417910447761194 0.1044776119402985 0.14925373134328357 0.1865671641791045 
0.21962616822429906 0.4485981308411215 0.08411214953271028 0.1588785046728972 0.08878504672897196 
0.20634920634920634 0.20634920634920634 0.1746031746031746 0.20634920634920634 0.20634920634920634 
0.21176470588235294 0.21176470588235294 0.17647058823529413 0.23529411764705882 0.16470588235294117 
0.15853658536585366 0.15853658536585366 0.15853658536585366 0.17073170731707318 0.35365853658536583 
0.18181818181818182 0.14772727272727273 0.11363636363636363 0.20454545454545456 0.3522727272727273 
0.1506849315068493 0.1643835616438356 0.2054794520547945 0.2054794520547945 0.273972602739726 
0.16483516483516483 0.18681318681318682 0.18681318681318682 0.25274725274725274 0.2087912087912088 
0.23684210526315788 0.22807017543859648 0.18421052631578946 0.24561403508771928 0.10526315789473684 
0.3076923076923077 0.15384615384615385 0.19230769230769232 0.20512820512820512 0.14102564102564102 
0.17045454545454544 0.125 0.17045454545454544 0.17045454545454544 0.36363636363636365 
0.22981366459627328 0.2546583850931677 0.2236024844720497 0.10559006211180125 0.18633540372670807 
0.17391304347826086 0.18840579710144928 0.18840579710144928 0.2898550724637681 0.15942028985507245 
0.36486486486486486 0.1554054054054054 0.17567567567567569 0.1891891891891892 0.11486486486486487 
0.18181818181818182 0.18181818181818182 0.18181818181818182 0.21818181818181817 0.23636363636363636 
0.1951219512195122 0.17073170731707318 0.3170731707317073 0.15853658536585366 0.15853658536585366 
0.1751412429378531 0.13559322033898305 0.1807909604519774 0.2711864406779661 0.23728813559322035 
0.2988505747126437 0.12643678160919541 0.16091954022988506 0.14942528735632185 0.26436781609195403 
0.1744186046511628 0.1744186046511628 0.1511627906976744 0.32558139534883723 0.1744186046511628 
0.28169014084507044 0.16901408450704225 0.15492957746478872 0.18309859154929578 0.2112676056338028 
0.18571428571428572 0.2 0.18571428571428572 0.2 0.22857142857142856 
0.16129032258064516 0.17204301075268819 0.20430107526881722 0.22580645161290322 0.23655913978494625 
0.2 0.2 0.2 0.21818181818181817 0.18181818181818182 
0.21052631578947367 0.21052631578947367 0.18421052631578946 0.17105263157894737 0.2236842105263158 
0.18269230769230768 0.18269230769230768 0.15384615384615385 0.2980769230769231 0.18269230769230768 
0.21428571428571427 0.23469387755102042 0.1836734693877551 0.17346938775510204 0.19387755102040816 
0.17857142857142858 0.19642857142857142 0.17857142857142858 0.25 0.19642857142857142 
0.2872340425531915 0.2127659574468085 0.18085106382978725 0.1702127659574468 0.14893617021276595 
0.2 0.2 0.175 0.1375 0.2875 
0.20689655172413793 0.22413793103448276 0.1724137931034483 0.22413793103448276 0.1724137931034483 
0.16666666666666666 0.21212121212121213 0.16666666666666666 0.16666666666666666 0.2878787878787879 
0.2692307692307692 0.15384615384615385 0.16346153846153846 0.19230769230769232 0.22115384615384615 
0.2679738562091503 0.22875816993464052 0.1568627450980392 0.16339869281045752 0.1830065359477124 
0.21568627450980393 0.1568627450980392 0.20588235294117646 0.16666666666666666 0.2549019607843137 
0.45161290322580644 0.2119815668202765 0.1382488479262673 0.07373271889400922 0.12442396313364056 
0.2028985507246377 0.17391304347826086 0.2028985507246377 0.21739130434782608 0.2028985507246377 
0.1780821917808219 0.1917808219178082 0.2191780821917808 0.1917808219178082 0.2191780821917808 
0.24271844660194175 0.1650485436893204 0.18446601941747573 0.13592233009708737 0.27184466019417475 
0.3821656050955414 0.20382165605095542 0.09554140127388536 0.14012738853503184 0.17834394904458598 
0.1935483870967742 0.25806451612903225 0.23387096774193547 0.1774193548387097 0.13709677419354838 
0.2073170731707317 0.2073170731707317 0.15853658536585366 0.21951219512195122 0.2073170731707317 
0.24107142857142858 0.26785714285714285 0.16964285714285715 0.14285714285714285 0.17857142857142858 
0.24358974358974358 0.20512820512820512 0.16666666666666666 0.15384615384615385 0.23076923076923078 
0.3237410071942446 0.2517985611510791 0.1223021582733813 0.1079136690647482 0.19424460431654678 
0.19230769230769232 0.19230769230769232 0.19230769230769232 0.21153846153846154 0.21153846153846154 
0.23255813953488372 0.12790697674418605 0.16279069767441862 0.23255813953488372 0.2441860465116279 
0.19230769230769232 0.19230769230769232 0.1794871794871795 0.21794871794871795 0.21794871794871795 
0.1592920353982301 0.18584070796460178 0.21238938053097345 0.21238938053097345 0.23008849557522124 
0.20512820512820512 0.15384615384615385 0.16666666666666666 0.19230769230769232 0.28205128205128205 
0.14285714285714285 0.16666666666666666 0.15873015873015872 0.16666666666666666 0.36507936507936506 
0.14545454545454545 0.2 0.13333333333333333 0.23030303030303031 0.2909090909090909 
0.30687830687830686 0.14814814814814814 0.20634920634920634 0.10582010582010581 0.2328042328042328 
0.19791666666666666 0.19791666666666666 0.22916666666666666 0.21875 0.15625 
0.17094017094017094 0.27350427350427353 0.1111111111111111 0.1452991452991453 0.29914529914529914 
0.21176470588235294 0.23529411764705882 0.2 0.17647058823529413 0.17647058823529413 
0.2236842105263158 0.23684210526315788 0.17105263157894737 0.17105263157894737 0.19736842105263158 
0.2 0.175 0.25 0.2125 0.1625 
0.16 0.22666666666666666 0.2 0.2 0.21333333333333335 
0.1935483870967742 0.1935483870967742 0.1774193548387097 0.24193548387096775 0.1935483870967742 
0.17307692307692307 0.22115384615384615 0.21153846153846154 0.19230769230769232 0.20192307692307693 
0.20588235294117646 0.19117647058823528 0.14705882352941177 0.2647058823529412 0.19117647058823528 
0.20224719101123595 0.20224719101123595 0.1348314606741573 0.21348314606741572 0.24719101123595505 
0.19791666666666666 0.16666666666666666 0.19791666666666666 0.15625 0.28125 
0.24 0.13333333333333333 0.18666666666666668 0.2 0.24 
0.16 0.23333333333333334 0.18666666666666668 0.10666666666666667 0.31333333333333335 
0.17333333333333334 0.14666666666666667 0.18666666666666668 0.14666666666666667 0.3466666666666667 
0.23333333333333334 0.16666666666666666 0.16666666666666666 0.25 0.18333333333333332 
0.23809523809523808 0.20238095238095238 0.20238095238095238 0.19047619047619047 0.16666666666666666 
0.22857142857142856 0.19047619047619047 0.14285714285714285 0.29523809523809524 0.14285714285714285 
0.2 0.2 0.2 0.21666666666666667 0.18333333333333332 
0.18181818181818182 0.1919191919191919 0.29292929292929293 0.18181818181818182 0.15151515151515152 
0.18811881188118812 0.21782178217821782 0.22772277227722773 0.19801980198019803 0.16831683168316833 
0.1937984496124031 0.16279069767441862 0.13953488372093023 0.16279069767441862 0.34108527131782945 
0.1875 0.16071428571428573 0.22321428571428573 0.17857142857142858 0.25 
0.1686746987951807 0.13253012048192772 0.2289156626506024 0.1927710843373494 0.27710843373493976 
0.16393442622950818 0.18032786885245902 0.18032786885245902 0.29508196721311475 0.18032786885245902 
0.18045112781954886 0.17293233082706766 0.18045112781954886 0.12781954887218044 0.3383458646616541 
0.14606741573033707 0.15730337078651685 0.20224719101123595 0.20224719101123595 0.29213483146067415 
0.23423423423423423 0.22522522522522523 0.13513513513513514 0.2072072072072072 0.1981981981981982 
0.13186813186813187 0.14285714285714285 0.14285714285714285 0.23076923076923078 0.3516483516483517 
0.18518518518518517 0.2345679012345679 0.18518518518518517 0.16049382716049382 0.2345679012345679 
0.22522522522522523 0.18018018018018017 0.17117117117117117 0.1891891891891892 0.23423423423423423 
0.1728395061728395 0.16049382716049382 0.20987654320987653 0.18518518518518517 0.2716049382716049 
0.2 0.22857142857142856 0.17142857142857143 0.22857142857142856 0.17142857142857143 
0.1625 0.1625 0.175 0.175 0.325 
0.21153846153846154 0.22435897435897437 0.16666666666666666 0.16666666666666666 0.23076923076923078 
0.18681318681318682 0.25274725274725274 0.21978021978021978 0.13186813186813187 0.2087912087912088 
0.1650485436893204 0.22330097087378642 0.21359223300970873 0.18446601941747573 0.21359223300970873 
0.15 0.19 0.15 0.17 0.34 
0.21212121212121213 0.18181818181818182 0.21212121212121213 0.18181818181818182 0.21212121212121213 
0.15454545454545454 0.22727272727272727 0.16363636363636364 0.15454545454545454 0.3 
0.16216216216216217 0.16216216216216217 0.17567567567567569 0.25675675675675674 0.24324324324324326 
0.1774193548387097 0.22580645161290322 0.16129032258064516 0.27419354838709675 0.16129032258064516 
0.18478260869565216 0.14130434782608695 0.15217391304347827 0.14130434782608695 0.3804347826086957 
0.1917808219178082 0.1643835616438356 0.2602739726027397 0.2465753424657534 0.136986301369863 
0.1791044776119403 0.208955223880597 0.26865671641791045 0.1791044776119403 0.16417910447761194 
0.12340425531914893 0.26382978723404255 0.42127659574468085 0.09787234042553192 0.09361702127659574 
0.203125 0.15625 0.234375 0.203125 0.203125 
0.1875 0.171875 0.25 0.203125 0.1875 
0.26666666666666666 0.12222222222222222 0.14444444444444443 0.13333333333333333 0.3333333333333333 
0.1791044776119403 0.1791044776119403 0.19402985074626866 0.19402985074626866 0.2537313432835821 
0.18518518518518517 0.19753086419753085 0.13580246913580246 0.1728395061728395 0.30864197530864196 
0.17045454545454544 0.13636363636363635 0.20454545454545456 0.125 0.36363636363636365 
0.19696969696969696 0.18181818181818182 0.18181818181818182 0.16666666666666666 0.2727272727272727 
0.18823529411764706 0.15294117647058825 0.11764705882352941 0.17647058823529413 0.36470588235294116 
0.14925373134328357 0.19402985074626866 0.16417910447761194 0.23880597014925373 0.2537313432835821 
0.15294117647058825 0.15294117647058825 0.16470588235294117 0.21176470588235294 0.3176470588235294 
0.16901408450704225 0.2535211267605634 0.18309859154929578 0.18309859154929578 0.2112676056338028 
0.18627450980392157 0.20588235294117646 0.19607843137254902 0.1568627450980392 0.2549019607843137 
0.1827956989247312 0.15053763440860216 0.1827956989247312 0.17204301075268819 0.3118279569892473 
0.1693548387096774 0.20161290322580644 0.13709677419354838 0.1935483870967742 0.29838709677419356 
0.20270270270270271 0.17567567567567569 0.20270270270270271 0.20270270270270271 0.21621621621621623 
0.12 0.3333333333333333 0.18 0.14666666666666667 0.22 
0.23076923076923078 0.18269230769230768 0.18269230769230768 0.1346153846153846 0.2692307692307692 
0.21 0.13 0.18 0.17 0.31 
0.1702127659574468 0.24468085106382978 0.20212765957446807 0.1595744680851064 0.22340425531914893 
0.1414141414141414 0.12121212121212122 0.2222222222222222 0.1717171717171717 0.3434343434343434 
0.18627450980392157 0.1568627450980392 0.1568627450980392 0.17647058823529413 0.3235294117647059 
0.189873417721519 0.25316455696202533 0.17721518987341772 0.20253164556962025 0.17721518987341772 
0.14285714285714285 0.17857142857142858 0.20238095238095238 0.16666666666666666 0.30952380952380953 
0.1485148514851485 0.22772277227722773 0.15841584158415842 0.2079207920792079 0.25742574257425743 
0.10569105691056911 0.2032520325203252 0.14634146341463414 0.15447154471544716 0.3902439024390244 
0.2222222222222222 0.1746031746031746 0.19047619047619047 0.19047619047619047 0.2222222222222222 
0.15584415584415584 0.2077922077922078 0.16883116883116883 0.19480519480519481 0.2727272727272727 
0.20175438596491227 0.24561403508771928 0.21052631578947367 0.14912280701754385 0.19298245614035087 
0.1643835616438356 0.1506849315068493 0.1917808219178082 0.2191780821917808 0.273972602739726 
0.22388059701492538 0.16417910447761194 0.19402985074626866 0.23880597014925373 0.1791044776119403 
0.22641509433962265 0.16037735849056603 0.20754716981132076 0.2169811320754717 0.18867924528301888 
0.16470588235294117 0.18823529411764706 0.17647058823529413 0.18823529411764706 0.2823529411764706 
0.13793103448275862 0.1724137931034483 0.14942528735632185 0.25287356321839083 0.28735632183908044 
0.21621621621621623 0.16216216216216217 0.13513513513513514 0.2702702702702703 0.21621621621621623 
0.19444444444444445 0.2361111111111111 0.19444444444444445 0.1388888888888889 0.2361111111111111 
0.18055555555555555 0.20833333333333334 0.2222222222222222 0.16666666666666666 0.2222222222222222 
0.18292682926829268 0.15853658536585366 0.15853658536585366 0.24390243902439024 0.25609756097560976 
0.2222222222222222 0.18518518518518517 0.2222222222222222 0.16049382716049382 0.20987654320987653 
0.21951219512195122 0.21951219512195122 0.14634146341463414 0.25609756097560976 0.15853658536585366 
0.1875 0.32954545454545453 0.1534090909090909 0.18181818181818182 0.14772727272727273 
0.16470588235294117 0.23529411764705882 0.12941176470588237 0.3058823529411765 0.16470588235294117 
0.25 0.16176470588235295 0.25 0.17647058823529413 0.16176470588235295 
0.13793103448275862 0.1336206896551724 0.4698275862068966 0.13793103448275862 0.1206896551724138 
0.1368421052631579 0.1368421052631579 0.37894736842105264 0.2 0.14736842105263157 
0.2696629213483146 0.1797752808988764 0.2808988764044944 0.1348314606741573 0.1348314606741573 
0.14388489208633093 0.17985611510791366 0.4172661870503597 0.1366906474820144 0.1223021582733813 
0.17 0.14 0.29 0.16 0.24 
0.31007751937984496 0.17829457364341086 0.13953488372093023 0.17054263565891473 0.20155038759689922 
0.42857142857142855 0.19815668202764977 0.12903225806451613 0.1152073732718894 0.12903225806451613 
0.2391304347826087 0.2717391304347826 0.14130434782608695 0.15217391304347827 0.1956521739130435 
0.15151515151515152 0.16666666666666666 0.16666666666666666 0.2878787878787879 0.22727272727272727 
0.2 0.23 0.25 0.19 0.13 
0.2823529411764706 0.18823529411764706 0.17647058823529413 0.16470588235294117 0.18823529411764706 
0.20634920634920634 0.15873015873015872 0.19047619047619047 0.23809523809523808 0.20634920634920634 
0.25316455696202533 0.1518987341772152 0.20253164556962025 0.17721518987341772 0.21518987341772153 
0.19672131147540983 0.21311475409836064 0.18032786885245902 0.19672131147540983 0.21311475409836064 
0.20833333333333334 0.20833333333333334 0.1527777777777778 0.2222222222222222 0.20833333333333334 
0.26744186046511625 0.1744186046511628 0.13953488372093023 0.1744186046511628 0.2441860465116279 
0.25892857142857145 0.14285714285714285 0.13392857142857142 0.20535714285714285 0.25892857142857145 
0.24096385542168675 0.18072289156626506 0.1927710843373494 0.1686746987951807 0.21686746987951808 
0.2736842105263158 0.14736842105263157 0.14736842105263157 0.17894736842105263 0.25263157894736843 
0.18627450980392157 0.19607843137254902 0.17647058823529413 0.14705882352941177 0.29411764705882354 
0.1951219512195122 0.18292682926829268 0.1951219512195122 0.2073170731707317 0.21951219512195122 
0.28888888888888886 0.15555555555555556 0.18888888888888888 0.16666666666666666 0.2 
0.18840579710144928 0.18840579710144928 0.21739130434782608 0.17391304347826086 0.2318840579710145 
0.3793103448275862 0.15862068965517243 0.15862068965517243 0.14482758620689656 0.15862068965517243 
0.25 0.22058823529411764 0.17647058823529413 0.14705882352941177 0.20588235294117646 
0.2028985507246377 0.18840579710144928 0.15942028985507245 0.21739130434782608 0.2318840579710145 
0.16666666666666666 0.1388888888888889 0.19444444444444445 0.19444444444444445 0.3055555555555556 
0.23529411764705882 0.22058823529411764 0.16176470588235295 0.20588235294117646 0.17647058823529413 
0.20652173913043478 0.13043478260869565 0.2826086956521739 0.2608695652173913 0.11956521739130435 
0.11570247933884298 0.19008264462809918 0.30578512396694213 0.24793388429752067 0.14049586776859505 
0.15625 0.203125 0.25 0.21875 0.171875 
0.18181818181818182 0.1919191919191919 0.25252525252525254 0.23232323232323232 0.1414141414141414 
0.1527777777777778 0.20833333333333334 0.2777777777777778 0.18055555555555555 0.18055555555555555 
0.2111801242236025 0.14906832298136646 0.2919254658385093 0.14906832298136646 0.19875776397515527 
0.23880597014925373 0.1791044776119403 0.26865671641791045 0.16417910447761194 0.14925373134328357 
0.17567567567567569 0.1891891891891892 0.24324324324324326 0.1891891891891892 0.20270270270270271 
0.18333333333333332 0.2 0.23333333333333334 0.21666666666666667 0.16666666666666666 
0.16470588235294117 0.17647058823529413 0.35294117647058826 0.16470588235294117 0.1411764705882353 
0.16470588235294117 0.18823529411764706 0.23529411764705882 0.27058823529411763 0.1411764705882353 
0.1518987341772152 0.189873417721519 0.25316455696202533 0.21518987341772153 0.189873417721519 
0.19642857142857142 0.17857142857142858 0.17857142857142858 0.25 0.19642857142857142 
0.1864406779661017 0.16101694915254236 0.3389830508474576 0.1864406779661017 0.1271186440677966 
0.15966386554621848 0.15966386554621848 0.31092436974789917 0.23529411764705882 0.13445378151260504 
0.18543046357615894 0.271523178807947 0.24503311258278146 0.13245033112582782 0.16556291390728478 
0.19540229885057472 0.2413793103448276 0.20689655172413793 0.16091954022988506 0.19540229885057472 
0.19736842105263158 0.2631578947368421 0.18421052631578946 0.19736842105263158 0.15789473684210525 
0.15492957746478872 0.14084507042253522 0.18309859154929578 0.352112676056338 0.16901408450704225 
0.16923076923076924 0.18461538461538463 0.15384615384615385 0.23076923076923078 0.26153846153846155 
0.2222222222222222 0.19047619047619047 0.20634920634920634 0.20634920634920634 0.1746031746031746 
0.21076233183856502 0.26905829596412556 0.18834080717488788 0.18834080717488788 0.14349775784753363 
0.25301204819277107 0.13253012048192772 0.2891566265060241 0.1566265060240964 0.1686746987951807 
0.18095238095238095 0.13333333333333333 0.3523809523809524 0.1619047619047619 0.17142857142857143 
0.11818181818181818 0.18181818181818182 0.3090909090909091 0.19090909090909092 0.2 
0.2125 0.2 0.2375 0.175 0.175 
