0.20270270270270271 0.13513513513513514 0.17567567567567569 0.24324324324324326 0.24324324324324326 
0.14864864864864866 0.14864864864864866 0.17567567567567569 0.28378378378378377 0.24324324324324326 
0.22641509433962265 0.18867924528301888 0.18867924528301888 0.18867924528301888 0.20754716981132076 
0.13924050632911392 0.189873417721519 0.25316455696202533 0.22784810126582278 0.189873417721519 
0.16417910447761194 0.1791044776119403 0.19402985074626866 0.26865671641791045 0.19402985074626866 
0.21666666666666667 0.18333333333333332 0.21666666666666667 0.18333333333333332 0.2 
0.1935483870967742 0.1774193548387097 0.1935483870967742 0.24193548387096775 0.1935483870967742 
0.2033898305084746 0.22033898305084745 0.2033898305084746 0.1694915254237288 0.2033898305084746 
0.22033898305084745 0.11864406779661017 0.211864406779661 0.23728813559322035 0.211864406779661 
0.11570247933884298 0.17355371900826447 0.18181818181818182 0.371900826446281 0.15702479338842976 
0.17567567567567569 0.24324324324324326 0.1891891891891892 0.20270270270270271 0.1891891891891892 
0.13978494623655913 0.1935483870967742 0.23655913978494625 0.25806451612903225 0.17204301075268819 
0.15827338129496402 0.12949640287769784 0.2302158273381295 0.302158273381295 0.17985611510791366 
0.1282051282051282 0.2948717948717949 0.20512820512820512 0.15384615384615385 0.21794871794871795 
0.1917808219178082 0.3150684931506849 0.1506849315068493 0.136986301369863 0.2054794520547945 
0.21232876712328766 0.3082191780821918 0.21232876712328766 0.1232876712328767 0.14383561643835616 
0.18446601941747573 0.30097087378640774 0.17475728155339806 0.13592233009708737 0.20388349514563106 
0.14444444444444443 0.3111111111111111 0.2222222222222222 0.13333333333333333 0.18888888888888888 
0.08239700374531835 0.6292134831460674 0.11610486891385768 0.07865168539325842 0.09363295880149813 
0.09782608695652174 0.4891304347826087 0.14673913043478262 0.11956521739130435 0.14673913043478262 
0.15714285714285714 0.3 0.17142857142857143 0.17142857142857143 0.2 
0.13043478260869565 0.41304347826086957 0.18478260869565216 0.13043478260869565 0.14130434782608695 
0.14102564102564102 0.34615384615384615 0.14102564102564102 0.14102564102564102 0.23076923076923078 
0.17721518987341772 0.2911392405063291 0.17721518987341772 0.13924050632911392 0.21518987341772153 
0.17391304347826086 0.2608695652173913 0.2028985507246377 0.15942028985507245 0.2028985507246377 
0.1774193548387097 0.24193548387096775 0.20967741935483872 0.16129032258064516 0.20967741935483872 
0.1694915254237288 0.2711864406779661 0.1864406779661017 0.2033898305084746 0.1694915254237288 
0.12264150943396226 0.37735849056603776 0.1792452830188679 0.1320754716981132 0.18867924528301888 
0.3172043010752688 0.20967741935483872 0.14516129032258066 0.23655913978494625 0.0913978494623656 
0.45365853658536587 0.15609756097560976 0.12682926829268293 0.17560975609756097 0.08780487804878048 
0.36 0.256 0.152 0.12 0.112 
0.23076923076923078 0.23076923076923078 0.18461538461538463 0.18461538461538463 0.16923076923076924 
0.2127659574468085 0.20212765957446807 0.14893617021276595 0.19148936170212766 0.24468085106382978 
0.22093023255813954 0.19767441860465115 0.16279069767441862 0.2441860465116279 0.1744186046511628 
0.19047619047619047 0.18095238095238095 0.1523809523809524 0.34285714285714286 0.13333333333333333 
0.2804878048780488 0.18292682926829268 0.15853658536585366 0.1951219512195122 0.18292682926829268 
0.1724137931034483 0.25862068965517243 0.1896551724137931 0.1896551724137931 0.1896551724137931 
0.2222222222222222 0.18518518518518517 0.18518518518518517 0.2037037037037037 0.2037037037037037 
0.4015748031496063 0.1732283464566929 0.11023622047244094 0.14960629921259844 0.16535433070866143 
0.25862068965517243 0.1724137931034483 0.1724137931034483 0.1896551724137931 0.20689655172413793 
0.26605504587155965 0.11009174311926606 0.21100917431192662 0.23853211009174313 0.1743119266055046 
0.21311475409836064 0.19672131147540983 0.18032786885245902 0.18032786885245902 0.22950819672131148 
0.21794871794871795 0.19230769230769232 0.15384615384615385 0.2692307692307692 0.16666666666666666 
0.40875912408759124 0.23357664233576642 0.12408759124087591 0.12408759124087591 0.10948905109489052 
0.36885245901639346 0.16393442622950818 0.16393442622950818 0.11475409836065574 0.1885245901639344 
0.5083798882681564 0.1340782122905028 0.1564245810055866 0.11173184357541899 0.0893854748603352 
0.36879432624113473 0.1347517730496454 0.2127659574468085 0.14893617021276595 0.1347517730496454 
0.3709677419354839 0.14516129032258066 0.20161290322580644 0.10483870967741936 0.1774193548387097 
0.38461538461538464 0.1623931623931624 0.13675213675213677 0.13675213675213677 0.1794871794871795 
0.3 0.1625 0.2 0.15 0.1875 
0.17857142857142858 0.25 0.16666666666666666 0.20238095238095238 0.20238095238095238 
0.15748031496062992 0.1968503937007874 0.1968503937007874 0.2677165354330709 0.18110236220472442 
0.2222222222222222 0.26666666666666666 0.2111111111111111 0.1111111111111111 0.18888888888888888 
0.3925925925925926 0.1814814814814815 0.13703703703703704 0.1 0.18888888888888888 
0.4528301886792453 0.1069182389937107 0.15723270440251572 0.14465408805031446 0.13836477987421383 
0.15584415584415584 0.23376623376623376 0.2077922077922078 0.19480519480519481 0.2077922077922078 
0.26556016597510373 0.24481327800829875 0.22406639004149378 0.11618257261410789 0.14937759336099585 
0.2289156626506024 0.2289156626506024 0.1927710843373494 0.1566265060240964 0.1927710843373494 
0.1746031746031746 0.25396825396825395 0.20634920634920634 0.19047619047619047 0.1746031746031746 
0.37209302325581395 0.1569767441860465 0.20348837209302326 0.06976744186046512 0.19767441860465115 
0.1774193548387097 0.1774193548387097 0.1935483870967742 0.1935483870967742 0.25806451612903225 
0.42948717948717946 0.1987179487179487 0.14743589743589744 0.10897435897435898 0.11538461538461539 
0.1875 0.21875 0.15625 0.1875 0.25 
0.175 0.1625 0.2125 0.225 0.225 
0.2876712328767123 0.13013698630136986 0.3013698630136986 0.1643835616438356 0.11643835616438356 
0.6214511041009464 0.0914826498422713 0.08832807570977919 0.12933753943217666 0.0694006309148265 
0.20833333333333334 0.18055555555555555 0.18055555555555555 0.25 0.18055555555555555 
0.23423423423423423 0.2702702702702703 0.2702702702702703 0.12612612612612611 0.0990990990990991 
0.22388059701492538 0.22388059701492538 0.19402985074626866 0.14925373134328357 0.208955223880597 
0.14743589743589744 0.23717948717948717 0.2692307692307692 0.16666666666666666 0.1794871794871795 
0.23333333333333334 0.26666666666666666 0.2714285714285714 0.11904761904761904 0.10952380952380952 
0.12179487179487179 0.32051282051282054 0.24358974358974358 0.16025641025641027 0.15384615384615385 
0.42528735632183906 0.13218390804597702 0.13218390804597702 0.16666666666666666 0.14367816091954022 
0.33695652173913043 0.17391304347826086 0.1956521739130435 0.15217391304347827 0.14130434782608695 
0.2898550724637681 0.18840579710144928 0.14492753623188406 0.18840579710144928 0.18840579710144928 
0.18181818181818182 0.2 0.18181818181818182 0.2 0.23636363636363636 
0.2608695652173913 0.12173913043478261 0.20869565217391303 0.1391304347826087 0.26956521739130435 
0.18446601941747573 0.22815533980582525 0.3155339805825243 0.1262135922330097 0.14563106796116504 
0.20588235294117646 0.25 0.17647058823529413 0.16176470588235295 0.20588235294117646 
0.19298245614035087 0.17543859649122806 0.21052631578947367 0.17543859649122806 0.24561403508771928 
0.26373626373626374 0.15384615384615385 0.21978021978021978 0.21978021978021978 0.14285714285714285 
0.35 0.15833333333333333 0.20833333333333334 0.13333333333333333 0.15 
0.25 0.23148148148148148 0.14814814814814814 0.1388888888888889 0.23148148148148148 
0.41496598639455784 0.10884353741496598 0.1836734693877551 0.16326530612244897 0.1292517006802721 
0.17699115044247787 0.18584070796460178 0.22123893805309736 0.1415929203539823 0.2743362831858407 
0.125 0.11805555555555555 0.2569444444444444 0.3472222222222222 0.1527777777777778 
0.1978021978021978 0.15384615384615385 0.2857142857142857 0.1978021978021978 0.16483516483516483 
0.16666666666666666 0.2 0.16666666666666666 0.2 0.26666666666666666 
0.10077519379844961 0.26356589147286824 0.26356589147286824 0.20930232558139536 0.16279069767441862 
0.13043478260869565 0.26956521739130435 0.22608695652173913 0.17391304347826086 0.2 
0.19230769230769232 0.19230769230769232 0.19230769230769232 0.19230769230769232 0.23076923076923078 
0.25 0.171875 0.171875 0.21875 0.1875 
0.25675675675675674 0.21621621621621623 0.16216216216216217 0.14864864864864866 0.21621621621621623 
0.18181818181818182 0.23376623376623376 0.18181818181818182 0.24675324675324675 0.15584415584415584 
0.2616822429906542 0.24299065420560748 0.1588785046728972 0.14018691588785046 0.19626168224299065 
0.33 0.13 0.15 0.2 0.19 
0.15492957746478872 0.14084507042253522 0.23943661971830985 0.22535211267605634 0.23943661971830985 
0.15053763440860216 0.22043010752688172 0.1881720430107527 0.2849462365591398 0.15591397849462366 
0.1896551724137931 0.1724137931034483 0.1724137931034483 0.20689655172413793 0.25862068965517243 
0.1506849315068493 0.1917808219178082 0.2054794520547945 0.1780821917808219 0.273972602739726 
0.2828282828282828 0.25252525252525254 0.18686868686868688 0.12626262626262627 0.15151515151515152 
0.15702479338842976 0.2231404958677686 0.2727272727272727 0.12396694214876033 0.2231404958677686 
0.21359223300970873 0.1650485436893204 0.24271844660194175 0.17475728155339806 0.20388349514563106 
0.18292682926829268 0.1951219512195122 0.25609756097560976 0.2073170731707317 0.15853658536585366 
0.1935483870967742 0.17204301075268819 0.24731182795698925 0.23655913978494625 0.15053763440860216 
0.24 0.168 0.128 0.264 0.2 
0.1694915254237288 0.2966101694915254 0.19491525423728814 0.23728813559322035 0.1016949152542373 
0.22666666666666666 0.21333333333333335 0.17333333333333334 0.16 0.22666666666666666 
0.14150943396226415 0.1792452830188679 0.20754716981132076 0.3113207547169811 0.16037735849056603 
0.18888888888888888 0.2111111111111111 0.18888888888888888 0.23333333333333334 0.17777777777777778 
0.14953271028037382 0.22429906542056074 0.32710280373831774 0.11214953271028037 0.18691588785046728 
0.20869565217391303 0.20869565217391303 0.21739130434782608 0.16521739130434782 0.2 
0.25333333333333335 0.16 0.18666666666666668 0.18666666666666668 0.21333333333333335 
0.21 0.195 0.23 0.21 0.155 
0.33476394849785407 0.15021459227467812 0.11158798283261803 0.24892703862660945 0.15450643776824036 
0.1875 0.171875 0.171875 0.203125 0.265625 
0.18556701030927836 0.21649484536082475 0.10309278350515463 0.29896907216494845 0.1958762886597938 
0.16791044776119404 0.5522388059701493 0.06716417910447761 0.11567164179104478 0.09701492537313433 
0.2994011976047904 0.10778443113772455 0.2275449101796407 0.19161676646706588 0.17365269461077845 
0.19166666666666668 0.225 0.275 0.175 0.13333333333333333 
0.28 0.2 0.14666666666666667 0.16 0.21333333333333335 
0.20967741935483872 0.23387096774193547 0.20967741935483872 0.1693548387096774 0.1774193548387097 
0.29 0.16 0.21 0.18 0.16 
0.19424460431654678 0.09352517985611511 0.33093525179856115 0.25539568345323743 0.12589928057553956 
0.2962962962962963 0.1419753086419753 0.19135802469135801 0.25308641975308643 0.11728395061728394 
0.17333333333333334 0.22666666666666666 0.14666666666666667 0.14666666666666667 0.30666666666666664 
0.22151898734177214 0.1962025316455696 0.25316455696202533 0.16455696202531644 0.16455696202531644 
0.22556390977443608 0.10526315789473684 0.24812030075187969 0.24060150375939848 0.18045112781954886 
0.14285714285714285 0.32967032967032966 0.18681318681318682 0.17582417582417584 0.16483516483516483 
0.2923076923076923 0.16153846153846155 0.23846153846153847 0.16153846153846155 0.14615384615384616 
0.2857142857142857 0.17142857142857143 0.17142857142857143 0.15714285714285714 0.21428571428571427 
0.18571428571428572 0.17142857142857143 0.18571428571428572 0.2714285714285714 0.18571428571428572 
0.2 0.18666666666666668 0.16 0.2 0.25333333333333335 
0.23846153846153847 0.2230769230769231 0.2 0.2 0.13846153846153847 
0.21666666666666667 0.16666666666666666 0.23333333333333334 0.2 0.18333333333333332 
0.14388489208633093 0.17985611510791366 0.33093525179856115 0.18705035971223022 0.15827338129496402 
0.24812030075187969 0.22556390977443608 0.23308270676691728 0.13533834586466165 0.15789473684210525 
0.20754716981132076 0.16981132075471697 0.20754716981132076 0.2169811320754717 0.19811320754716982 
0.1951219512195122 0.15853658536585366 0.21951219512195122 0.23170731707317074 0.1951219512195122 
0.12280701754385964 0.38596491228070173 0.13157894736842105 0.18421052631578946 0.17543859649122806 
0.18666666666666668 0.2 0.2 0.24 0.17333333333333334 
0.24107142857142858 0.19642857142857142 0.19642857142857142 0.19642857142857142 0.16964285714285715 
0.25384615384615383 0.12307692307692308 0.2076923076923077 0.23846153846153847 0.17692307692307693 
0.22388059701492538 0.1791044776119403 0.14925373134328357 0.23880597014925373 0.208955223880597 
0.20754716981132076 0.18867924528301888 0.18867924528301888 0.22641509433962265 0.18867924528301888 
0.16666666666666666 0.15476190476190477 0.15476190476190477 0.30952380952380953 0.21428571428571427 
0.14 0.16 0.24 0.28 0.18 
0.15151515151515152 0.16666666666666666 0.25757575757575757 0.21212121212121213 0.21212121212121213 
0.2625 0.175 0.2375 0.1875 0.1375 
0.22535211267605634 0.2112676056338028 0.15492957746478872 0.22535211267605634 0.18309859154929578 
0.2833333333333333 0.25833333333333336 0.14166666666666666 0.15 0.16666666666666666 
0.17857142857142858 0.19642857142857142 0.19642857142857142 0.23214285714285715 0.19642857142857142 
0.22666666666666666 0.11333333333333333 0.29333333333333333 0.25333333333333335 0.11333333333333333 
0.29577464788732394 0.19718309859154928 0.16901408450704225 0.18309859154929578 0.15492957746478872 
0.2283464566929134 0.11811023622047244 0.15748031496062992 0.28346456692913385 0.2125984251968504 
0.2727272727272727 0.16363636363636364 0.18181818181818182 0.20909090909090908 0.17272727272727273 
0.22929936305732485 0.2484076433121019 0.16560509554140126 0.19745222929936307 0.1592356687898089 
0.2080536912751678 0.16778523489932887 0.12751677852348994 0.24161073825503357 0.2550335570469799 
0.15966386554621848 0.21008403361344538 0.2605042016806723 0.20168067226890757 0.16806722689075632 
0.1746031746031746 0.20634920634920634 0.1746031746031746 0.19047619047619047 0.25396825396825395 
0.2037037037037037 0.18518518518518517 0.18518518518518517 0.2037037037037037 0.2222222222222222 
0.16176470588235295 0.11764705882352941 0.14705882352941177 0.16911764705882354 0.40441176470588236 
0.1780821917808219 0.1917808219178082 0.1917808219178082 0.1643835616438356 0.273972602739726 
0.19148936170212766 0.19148936170212766 0.14893617021276595 0.22340425531914893 0.24468085106382978 
0.2318840579710145 0.15942028985507245 0.2028985507246377 0.21739130434782608 0.18840579710144928 
0.18181818181818182 0.2 0.18181818181818182 0.21818181818181817 0.21818181818181817 
0.1896551724137931 0.1810344827586207 0.1896551724137931 0.2672413793103448 0.1724137931034483 
0.28865979381443296 0.14432989690721648 0.17525773195876287 0.15463917525773196 0.23711340206185566 
0.1566265060240964 0.21686746987951808 0.24096385542168675 0.1566265060240964 0.2289156626506024 
0.16037735849056603 0.16037735849056603 0.18867924528301888 0.3018867924528302 0.18867924528301888 
0.12844036697247707 0.30275229357798167 0.1743119266055046 0.1651376146788991 0.22935779816513763 
0.16216216216216217 0.17567567567567569 0.16216216216216217 0.32432432432432434 0.17567567567567569 
0.21176470588235294 0.12941176470588237 0.3058823529411765 0.1411764705882353 0.21176470588235294 
0.22033898305084745 0.2033898305084746 0.1694915254237288 0.23728813559322035 0.1694915254237288 
0.1774193548387097 0.20967741935483872 0.1935483870967742 0.1774193548387097 0.24193548387096775 
0.2236842105263158 0.21052631578947367 0.18421052631578946 0.19736842105263158 0.18421052631578946 
0.14814814814814814 0.1728395061728395 0.2222222222222222 0.20987654320987653 0.24691358024691357 
0.21105527638190955 0.32663316582914576 0.16080402010050251 0.1457286432160804 0.15577889447236182 
0.2 0.18181818181818182 0.2 0.21818181818181817 0.2 
0.18421052631578946 0.14473684210526316 0.13815789473684212 0.3881578947368421 0.14473684210526316 
0.23125 0.20625 0.23125 0.1875 0.14375 
0.3553299492385787 0.1065989847715736 0.16751269035532995 0.233502538071066 0.13705583756345177 
0.16883116883116883 0.16883116883116883 0.14285714285714285 0.22077922077922077 0.2987012987012987 
0.14705882352941177 0.16176470588235295 0.27941176470588236 0.19117647058823528 0.22058823529411764 
0.23870967741935484 0.17419354838709677 0.23870967741935484 0.1870967741935484 0.16129032258064516 
0.15942028985507245 0.2463768115942029 0.18840579710144928 0.18840579710144928 0.21739130434782608 
0.23863636363636365 0.17045454545454544 0.125 0.2727272727272727 0.19318181818181818 
0.2 0.18666666666666668 0.22666666666666666 0.17333333333333334 0.21333333333333335 
0.19230769230769232 0.19230769230769232 0.21153846153846154 0.19230769230769232 0.21153846153846154 
0.14705882352941177 0.19117647058823528 0.17647058823529413 0.20588235294117646 0.27941176470588236 
0.2714285714285714 0.17142857142857143 0.2 0.15714285714285714 0.2 
0.2403846153846154 0.20192307692307693 0.1346153846153846 0.23076923076923078 0.19230769230769232 
0.1744186046511628 0.1744186046511628 0.23255813953488372 0.19767441860465115 0.22093023255813954 
0.14563106796116504 0.17475728155339806 0.2912621359223301 0.21359223300970873 0.17475728155339806 
0.2033898305084746 0.22033898305084745 0.1694915254237288 0.1864406779661017 0.22033898305084745 
0.22916666666666666 0.13541666666666666 0.14583333333333334 0.34375 0.14583333333333334 
0.19642857142857142 0.25 0.24107142857142858 0.13392857142857142 0.17857142857142858 
0.18478260869565216 0.21739130434782608 0.21739130434782608 0.20652173913043478 0.17391304347826086 
0.2231404958677686 0.19834710743801653 0.2066115702479339 0.17355371900826447 0.19834710743801653 
0.23529411764705882 0.14705882352941177 0.17647058823529413 0.2647058823529412 0.17647058823529413 
0.1896551724137931 0.1724137931034483 0.1724137931034483 0.2413793103448276 0.22413793103448276 
0.1917808219178082 0.1643835616438356 0.1643835616438356 0.1780821917808219 0.3013698630136986 
0.22857142857142856 0.15714285714285714 0.2 0.21428571428571427 0.2 
0.17857142857142858 0.19047619047619047 0.19047619047619047 0.25 0.19047619047619047 
0.1518987341772152 0.08860759493670886 0.15822784810126583 0.43670886075949367 0.16455696202531644 
0.22077922077922077 0.22077922077922077 0.16883116883116883 0.19480519480519481 0.19480519480519481 
0.14018691588785046 0.22429906542056074 0.205607476635514 0.205607476635514 0.22429906542056074 
0.19318181818181818 0.19318181818181818 0.3068181818181818 0.1590909090909091 0.14772727272727273 
0.19047619047619047 0.21428571428571427 0.16666666666666666 0.21428571428571427 0.21428571428571427 
0.1951219512195122 0.17073170731707318 0.25609756097560976 0.15853658536585366 0.21951219512195122 
0.16883116883116883 0.16883116883116883 0.2987012987012987 0.19480519480519481 0.16883116883116883 
0.18840579710144928 0.21739130434782608 0.2318840579710145 0.14492753623188406 0.21739130434782608 
0.18085106382978725 0.18085106382978725 0.2553191489361702 0.2127659574468085 0.1702127659574468 
0.20224719101123595 0.15730337078651685 0.2696629213483146 0.1797752808988764 0.19101123595505617 
0.12121212121212122 0.21212121212121213 0.15151515151515152 0.1717171717171717 0.3434343434343434 
0.171875 0.1875 0.234375 0.1875 0.21875 
0.12 0.13714285714285715 0.4228571428571429 0.08571428571428572 0.2342857142857143 
0.09045226130653267 0.135678391959799 0.5678391959798995 0.08542713567839195 0.12060301507537688 
0.18181818181818182 0.19696969696969696 0.24242424242424243 0.16666666666666666 0.21212121212121213 
0.16176470588235295 0.20588235294117646 0.17647058823529413 0.17647058823529413 0.27941176470588236 
0.171875 0.234375 0.203125 0.171875 0.21875 
0.19117647058823528 0.22058823529411764 0.20588235294117646 0.19117647058823528 0.19117647058823528 
0.17105263157894737 0.17105263157894737 0.23684210526315788 0.17105263157894737 0.25 
0.2 0.2 0.21666666666666667 0.18333333333333332 0.2 
0.1411764705882353 0.17058823529411765 0.21764705882352942 0.27647058823529413 0.19411764705882353 
0.13414634146341464 0.18292682926829268 0.1951219512195122 0.2073170731707317 0.2804878048780488 
0.18292682926829268 0.23170731707317074 0.21951219512195122 0.15853658536585366 0.2073170731707317 
0.19298245614035087 0.21052631578947367 0.21052631578947367 0.19298245614035087 0.19298245614035087 
0.24161073825503357 0.2214765100671141 0.19463087248322147 0.18120805369127516 0.1610738255033557 
0.24352331606217617 0.18652849740932642 0.31088082901554404 0.15025906735751296 0.10880829015544041 
0.20430107526881722 0.27956989247311825 0.20430107526881722 0.12903225806451613 0.1827956989247312 
0.26666666666666666 0.26666666666666666 0.13333333333333333 0.17777777777777778 0.15555555555555556 
0.19736842105263158 0.19736842105263158 0.21052631578947367 0.1513157894736842 0.24342105263157895 
0.12222222222222222 0.28888888888888886 0.24444444444444444 0.14444444444444443 0.2 
0.1875 0.25 0.15625 0.1953125 0.2109375 
0.15492957746478872 0.19718309859154928 0.16901408450704225 0.15492957746478872 0.323943661971831 
0.22772277227722773 0.15841584158415842 0.25742574257425743 0.16831683168316833 0.18811881188118812 
0.14 0.25 0.2 0.19 0.22 
0.17045454545454544 0.18181818181818182 0.22727272727272727 0.20454545454545456 0.2159090909090909 
0.18018018018018017 0.1891891891891892 0.23423423423423423 0.15315315315315314 0.24324324324324326 
0.19318181818181818 0.13636363636363635 0.17045454545454544 0.22727272727272727 0.2727272727272727 
0.1694915254237288 0.22033898305084745 0.1864406779661017 0.1864406779661017 0.23728813559322035 
0.14545454545454545 0.22727272727272727 0.15454545454545454 0.2 0.2727272727272727 
0.1527777777777778 0.1388888888888889 0.18055555555555555 0.3194444444444444 0.20833333333333334 
0.16417910447761194 0.19402985074626866 0.16417910447761194 0.16417910447761194 0.31343283582089554 
0.1875 0.25 0.2 0.2 0.1625 
0.19298245614035087 0.19298245614035087 0.24561403508771928 0.17543859649122806 0.19298245614035087 
0.16923076923076924 0.15384615384615385 0.16923076923076924 0.2923076923076923 0.2153846153846154 
0.15671641791044777 0.3208955223880597 0.1417910447761194 0.15671641791044777 0.22388059701492538 
0.225 0.175 0.1875 0.225 0.1875 
0.1891891891891892 0.16216216216216217 0.14864864864864866 0.2972972972972973 0.20270270270270271 
0.20987654320987653 0.16049382716049382 0.16049382716049382 0.25925925925925924 0.20987654320987653 
0.16666666666666666 0.16666666666666666 0.18181818181818182 0.21212121212121213 0.2727272727272727 
0.2235294117647059 0.18823529411764706 0.16470588235294117 0.18823529411764706 0.23529411764705882 
0.1797752808988764 0.21348314606741572 0.1797752808988764 0.19101123595505617 0.23595505617977527 
0.152 0.208 0.152 0.312 0.176 
0.14465408805031446 0.4025157232704403 0.16352201257861634 0.13836477987421383 0.1509433962264151 
0.1917808219178082 0.2191780821917808 0.136986301369863 0.2328767123287671 0.2191780821917808 
0.17543859649122806 0.2982456140350877 0.19298245614035087 0.14035087719298245 0.19298245614035087 
0.12631578947368421 0.18947368421052632 0.2736842105263158 0.12631578947368421 0.28421052631578947 
0.19642857142857142 0.17857142857142858 0.21428571428571427 0.17857142857142858 0.23214285714285715 
0.22602739726027396 0.22602739726027396 0.19863013698630136 0.2465753424657534 0.10273972602739725 
0.2403846153846154 0.20192307692307693 0.17307692307692307 0.21153846153846154 0.17307692307692307 
0.2 0.21428571428571427 0.14285714285714285 0.17142857142857143 0.2714285714285714 
0.17 0.14 0.24 0.23 0.22 
0.19298245614035087 0.17543859649122806 0.17543859649122806 0.22807017543859648 0.22807017543859648 
0.22388059701492538 0.23134328358208955 0.1865671641791045 0.1791044776119403 0.1791044776119403 
0.2033898305084746 0.1864406779661017 0.1864406779661017 0.1694915254237288 0.2542372881355932 
0.16666666666666666 0.17777777777777778 0.2111111111111111 0.23333333333333334 0.2111111111111111 
0.18627450980392157 0.17647058823529413 0.16666666666666666 0.28431372549019607 0.18627450980392157 
0.23170731707317074 0.23170731707317074 0.18292682926829268 0.17073170731707318 0.18292682926829268 
0.203125 0.1875 0.234375 0.21875 0.15625 
0.1919191919191919 0.2727272727272727 0.15151515151515152 0.1717171717171717 0.21212121212121213 
0.24630541871921183 0.1625615763546798 0.22660098522167488 0.22660098522167488 0.13793103448275862 
0.18571428571428572 0.22857142857142856 0.21428571428571427 0.18571428571428572 0.18571428571428572 
0.17857142857142858 0.17857142857142858 0.14285714285714285 0.25 0.25 
0.2601626016260163 0.2032520325203252 0.2032520325203252 0.1951219512195122 0.13821138211382114 
0.1746031746031746 0.1746031746031746 0.19047619047619047 0.19047619047619047 0.2698412698412698 
0.18840579710144928 0.17391304347826086 0.18840579710144928 0.21739130434782608 0.2318840579710145 
0.2261904761904762 0.15476190476190477 0.19047619047619047 0.23809523809523808 0.19047619047619047 
0.18085106382978725 0.18085106382978725 0.2553191489361702 0.20212765957446807 0.18085106382978725 
0.2125 0.2125 0.15 0.175 0.25 
0.17708333333333334 0.17708333333333334 0.22916666666666666 0.25 0.16666666666666666 
0.24193548387096775 0.1935483870967742 0.16129032258064516 0.22580645161290322 0.1774193548387097 
0.19491525423728814 0.23728813559322035 0.15254237288135594 0.17796610169491525 0.23728813559322035 
0.1794871794871795 0.2564102564102564 0.21794871794871795 0.16666666666666666 0.1794871794871795 
0.1566265060240964 0.2289156626506024 0.1566265060240964 0.27710843373493976 0.18072289156626506 
0.22784810126582278 0.1518987341772152 0.1518987341772152 0.26582278481012656 0.20253164556962025 
0.16279069767441862 0.19767441860465115 0.18604651162790697 0.19767441860465115 0.2558139534883721 
0.1746031746031746 0.20634920634920634 0.19047619047619047 0.19047619047619047 0.23809523809523808 
0.11764705882352941 0.23529411764705882 0.14285714285714285 0.3025210084033613 0.20168067226890757 
0.14736842105263157 0.2631578947368421 0.22105263157894736 0.15789473684210525 0.21052631578947367 
0.16216216216216217 0.24324324324324326 0.16216216216216217 0.17567567567567569 0.25675675675675674 
0.16901408450704225 0.18309859154929578 0.2535211267605634 0.16901408450704225 0.22535211267605634 
0.09580838323353294 0.23952095808383234 0.17365269461077845 0.2634730538922156 0.2275449101796407 
0.18888888888888888 0.15555555555555556 0.3111111111111111 0.17777777777777778 0.16666666666666666 
0.2153846153846154 0.16923076923076924 0.24615384615384617 0.16923076923076924 0.2 
0.136986301369863 0.273972602739726 0.2465753424657534 0.1643835616438356 0.1780821917808219 
0.1643835616438356 0.2465753424657534 0.1780821917808219 0.2191780821917808 0.1917808219178082 
0.11926605504587157 0.14678899082568808 0.44036697247706424 0.12844036697247707 0.1651376146788991 
0.16129032258064516 0.1935483870967742 0.20967741935483872 0.22580645161290322 0.20967741935483872 
0.09900990099009901 0.15841584158415842 0.37623762376237624 0.12871287128712872 0.2376237623762376 
0.19230769230769232 0.19230769230769232 0.19230769230769232 0.19230769230769232 0.23076923076923078 
0.14545454545454545 0.12727272727272726 0.39090909090909093 0.22727272727272727 0.10909090909090909 
0.2033898305084746 0.2033898305084746 0.2033898305084746 0.2033898305084746 0.1864406779661017 
0.16470588235294117 0.16470588235294117 0.21176470588235294 0.2823529411764706 0.17647058823529413 
0.11538461538461539 0.25961538461538464 0.2692307692307692 0.16346153846153846 0.19230769230769232 
0.13414634146341464 0.24390243902439024 0.18292682926829268 0.25609756097560976 0.18292682926829268 
0.21830985915492956 0.15492957746478872 0.2323943661971831 0.22535211267605634 0.16901408450704225 
0.18032786885245902 0.19672131147540983 0.18032786885245902 0.19672131147540983 0.2459016393442623 
0.16923076923076924 0.2153846153846154 0.2 0.18461538461538463 0.23076923076923078 
0.17721518987341772 0.17721518987341772 0.22784810126582278 0.17721518987341772 0.24050632911392406 
0.15789473684210525 0.25 0.23684210526315788 0.14473684210526316 0.21052631578947367 
0.15 0.1625 0.1875 0.2875 0.2125 
0.22772277227722773 0.1782178217821782 0.1485148514851485 0.22772277227722773 0.21782178217821782 
0.23333333333333334 0.23333333333333334 0.16666666666666666 0.17777777777777778 0.18888888888888888 
0.2236842105263158 0.2631578947368421 0.18421052631578946 0.18421052631578946 0.14473684210526316 
0.20353982300884957 0.11504424778761062 0.24778761061946902 0.22123893805309736 0.21238938053097345 
0.14606741573033707 0.25842696629213485 0.30337078651685395 0.16853932584269662 0.12359550561797752 
0.1794871794871795 0.1794871794871795 0.23076923076923078 0.1794871794871795 0.23076923076923078 
0.15584415584415584 0.18181818181818182 0.19480519480519481 0.2597402597402597 0.2077922077922078 
0.13043478260869565 0.1956521739130435 0.21739130434782608 0.2826086956521739 0.17391304347826086 
0.19718309859154928 0.18309859154929578 0.19718309859154928 0.22535211267605634 0.19718309859154928 
0.21311475409836064 0.18032786885245902 0.16393442622950818 0.26229508196721313 0.18032786885245902 
0.42857142857142855 0.17261904761904762 0.13095238095238096 0.18452380952380953 0.08333333333333333 
0.19230769230769232 0.19230769230769232 0.19230769230769232 0.21153846153846154 0.21153846153846154 
0.24489795918367346 0.17346938775510204 0.24489795918367346 0.16326530612244897 0.17346938775510204 
0.16842105263157894 0.2 0.24210526315789474 0.15789473684210525 0.23157894736842105 
0.22413793103448276 0.28448275862068967 0.20689655172413793 0.15517241379310345 0.12931034482758622 
0.18181818181818182 0.21818181818181817 0.18181818181818182 0.18181818181818182 0.23636363636363636 
0.20833333333333334 0.2222222222222222 0.1527777777777778 0.2222222222222222 0.19444444444444445 
0.1388888888888889 0.2222222222222222 0.18055555555555555 0.16666666666666666 0.2916666666666667 
0.14473684210526316 0.14473684210526316 0.18421052631578946 0.25 0.27631578947368424 
0.14285714285714285 0.22077922077922077 0.16883116883116883 0.18181818181818182 0.2857142857142857 
0.16393442622950818 0.22950819672131148 0.19672131147540983 0.18032786885245902 0.22950819672131148 
0.125 0.2159090909090909 0.25 0.18181818181818182 0.22727272727272727 
0.16883116883116883 0.23376623376623376 0.16883116883116883 0.23376623376623376 0.19480519480519481 
0.2727272727272727 0.15151515151515152 0.16666666666666666 0.24242424242424243 0.16666666666666666 
0.18181818181818182 0.2 0.2 0.18181818181818182 0.23636363636363636 
0.14285714285714285 0.19047619047619047 0.2857142857142857 0.17142857142857143 0.20952380952380953 
0.3076923076923077 0.2857142857142857 0.12087912087912088 0.15384615384615385 0.13186813186813187 
0.18181818181818182 0.22727272727272727 0.15151515151515152 0.16666666666666666 0.2727272727272727 
0.09090909090909091 0.09090909090909091 0.4696969696969697 0.15151515151515152 0.19696969696969696 
0.15151515151515152 0.20202020202020202 0.29292929292929293 0.1919191919191919 0.16161616161616163 
0.14705882352941177 0.17647058823529413 0.19117647058823528 0.25 0.23529411764705882 
0.22093023255813954 0.1511627906976744 0.12790697674418605 0.27906976744186046 0.22093023255813954 
0.1744186046511628 0.1744186046511628 0.16279069767441862 0.18604651162790697 0.3023255813953488 
0.21333333333333335 0.21333333333333335 0.18666666666666668 0.2 0.18666666666666668 
0.2153846153846154 0.15384615384615385 0.2153846153846154 0.2 0.2153846153846154 
0.18333333333333332 0.23333333333333334 0.16666666666666666 0.21666666666666667 0.2 
0.15625 0.14583333333333334 0.2708333333333333 0.2708333333333333 0.15625 
0.1721311475409836 0.22131147540983606 0.1721311475409836 0.3114754098360656 0.12295081967213115 
0.16304347826086957 0.20652173913043478 0.16304347826086957 0.25 0.21739130434782608 
0.15463917525773196 0.14432989690721648 0.13402061855670103 0.3402061855670103 0.2268041237113402 
0.14285714285714285 0.2087912087912088 0.2087912087912088 0.24175824175824176 0.1978021978021978 
0.13740458015267176 0.26717557251908397 0.31297709923664124 0.09923664122137404 0.183206106870229 
0.16176470588235295 0.20588235294117646 0.20588235294117646 0.19117647058823528 0.23529411764705882 
0.20270270270270271 0.24324324324324326 0.1891891891891892 0.20270270270270271 0.16216216216216217 
0.203125 0.1875 0.171875 0.171875 0.265625 
0.14705882352941177 0.14705882352941177 0.14705882352941177 0.3088235294117647 0.25 
0.1774193548387097 0.1774193548387097 0.16129032258064516 0.27419354838709675 0.20967741935483872 
0.23157894736842105 0.16842105263157894 0.16842105263157894 0.28421052631578947 0.14736842105263157 
0.22641509433962265 0.19811320754716982 0.18867924528301888 0.1509433962264151 0.2358490566037736 
0.16091954022988506 0.1839080459770115 0.1839080459770115 0.26436781609195403 0.20689655172413793 
0.15384615384615385 0.21794871794871795 0.1794871794871795 0.2948717948717949 0.15384615384615385 
0.14563106796116504 0.14563106796116504 0.14563106796116504 0.4077669902912621 0.1553398058252427 
0.19736842105263158 0.17105263157894737 0.14473684210526316 0.2894736842105263 0.19736842105263158 
0.14705882352941177 0.21568627450980393 0.22549019607843138 0.2647058823529412 0.14705882352941177 
0.17142857142857143 0.14285714285714285 0.24285714285714285 0.21428571428571427 0.22857142857142856 
0.16551724137931034 0.21379310344827587 0.2 0.25517241379310346 0.16551724137931034 
0.174496644295302 0.10738255033557047 0.12080536912751678 0.4161073825503356 0.18120805369127516 
0.15384615384615385 0.2153846153846154 0.23076923076923078 0.18461538461538463 0.2153846153846154 
0.14666666666666667 0.21333333333333335 0.25333333333333335 0.16 0.22666666666666666 
0.1388888888888889 0.1111111111111111 0.25925925925925924 0.2777777777777778 0.21296296296296297 
0.1839080459770115 0.19540229885057472 0.1724137931034483 0.2413793103448276 0.20689655172413793 
0.17857142857142858 0.19642857142857142 0.23214285714285715 0.19642857142857142 0.19642857142857142 
0.16981132075471697 0.1509433962264151 0.22641509433962265 0.33962264150943394 0.11320754716981132 
0.18571428571428572 0.2 0.2 0.17142857142857143 0.24285714285714285 
0.17721518987341772 0.17721518987341772 0.24050632911392406 0.189873417721519 0.21518987341772153 
0.208955223880597 0.14925373134328357 0.1791044776119403 0.22388059701492538 0.23880597014925373 
0.15151515151515152 0.18181818181818182 0.15151515151515152 0.2727272727272727 0.24242424242424243 
0.14953271028037382 0.22429906542056074 0.16822429906542055 0.2336448598130841 0.22429906542056074 
0.2236842105263158 0.18421052631578946 0.13157894736842105 0.2236842105263158 0.23684210526315788 
0.1326530612244898 0.15306122448979592 0.336734693877551 0.15306122448979592 0.22448979591836735 
0.19607843137254902 0.19607843137254902 0.19607843137254902 0.21568627450980393 0.19607843137254902 
0.17543859649122806 0.21052631578947367 0.19298245614035087 0.22807017543859648 0.19298245614035087 
0.2 0.16470588235294117 0.15294117647058825 0.3176470588235294 0.16470588235294117 
0.16417910447761194 0.23880597014925373 0.22388059701492538 0.14925373134328357 0.22388059701492538 
0.15 0.1875 0.2125 0.275 0.175 
0.14102564102564102 0.28205128205128205 0.16666666666666666 0.16666666666666666 0.24358974358974358 
0.15217391304347827 0.16304347826086957 0.21739130434782608 0.17391304347826086 0.29347826086956524 
0.24770642201834864 0.14678899082568808 0.2018348623853211 0.26605504587155965 0.13761467889908258 
0.21666666666666667 0.2 0.2 0.2 0.18333333333333332 
0.25925925925925924 0.16666666666666666 0.21296296296296297 0.17592592592592593 0.18518518518518517 
0.11956521739130435 0.17391304347826086 0.20652173913043478 0.31521739130434784 0.18478260869565216 
0.11278195488721804 0.17293233082706766 0.2631578947368421 0.3082706766917293 0.14285714285714285 
0.18478260869565216 0.17391304347826086 0.16304347826086957 0.2717391304347826 0.20652173913043478 
0.19402985074626866 0.19402985074626866 0.19402985074626866 0.23880597014925373 0.1791044776119403 
0.18072289156626506 0.21686746987951808 0.13253012048192772 0.24096385542168675 0.2289156626506024 
0.11764705882352941 0.21568627450980393 0.1830065359477124 0.35294117647058826 0.13071895424836602 
0.17073170731707318 0.17073170731707318 0.1951219512195122 0.23170731707317074 0.23170731707317074 
0.16279069767441862 0.24806201550387597 0.13953488372093023 0.3023255813953488 0.14728682170542637 
0.22321428571428573 0.14285714285714285 0.17857142857142858 0.29464285714285715 0.16071428571428573 
0.1595744680851064 0.1702127659574468 0.2872340425531915 0.1276595744680851 0.2553191489361702 
0.1411764705882353 0.1411764705882353 0.18823529411764706 0.27058823529411763 0.25882352941176473 
0.17045454545454544 0.14772727272727273 0.2159090909090909 0.18181818181818182 0.2840909090909091 
0.16363636363636364 0.18181818181818182 0.12727272727272726 0.2636363636363636 0.2636363636363636 
0.1951219512195122 0.1951219512195122 0.13414634146341464 0.2804878048780488 0.1951219512195122 
0.2 0.18333333333333332 0.16666666666666666 0.21666666666666667 0.23333333333333334 
0.17105263157894737 0.19736842105263158 0.17105263157894737 0.15789473684210525 0.3026315789473684 
0.2028985507246377 0.15942028985507245 0.17391304347826086 0.30434782608695654 0.15942028985507245 
0.18803418803418803 0.1452991452991453 0.23931623931623933 0.17094017094017094 0.2564102564102564 
0.18699186991869918 0.17073170731707318 0.17886178861788618 0.23577235772357724 0.22764227642276422 
0.11382113821138211 0.14634146341463414 0.24390243902439024 0.3008130081300813 0.1951219512195122 
0.16853932584269662 0.25842696629213485 0.15730337078651685 0.1797752808988764 0.23595505617977527 
0.14666666666666667 0.18666666666666668 0.24 0.2 0.22666666666666666 
0.20634920634920634 0.19047619047619047 0.20634920634920634 0.20634920634920634 0.19047619047619047 
0.1724137931034483 0.1724137931034483 0.20689655172413793 0.20689655172413793 0.2413793103448276 
0.14705882352941177 0.16176470588235295 0.16176470588235295 0.3088235294117647 0.22058823529411764 
0.2621951219512195 0.2073170731707317 0.1524390243902439 0.24390243902439024 0.13414634146341464 
0.1774193548387097 0.27419354838709675 0.20967741935483872 0.16129032258064516 0.1774193548387097 
0.1891891891891892 0.21621621621621623 0.16216216216216217 0.20270270270270271 0.22972972972972974 
0.21875 0.15625 0.25 0.1875 0.1875 
0.16666666666666666 0.2 0.21666666666666667 0.2 0.21666666666666667 
0.18518518518518517 0.16049382716049382 0.18518518518518517 0.30864197530864196 0.16049382716049382 
0.15714285714285714 0.2 0.14285714285714285 0.2571428571428571 0.24285714285714285 
0.1951219512195122 0.15853658536585366 0.18292682926829268 0.24390243902439024 0.21951219512195122 
0.24615384615384617 0.15384615384615385 0.15384615384615385 0.27692307692307694 0.16923076923076924 
0.1896551724137931 0.1724137931034483 0.1896551724137931 0.20689655172413793 0.2413793103448276 
0.17647058823529413 0.17647058823529413 0.18823529411764706 0.3176470588235294 0.1411764705882353 
0.1450381679389313 0.15267175572519084 0.2748091603053435 0.22137404580152673 0.20610687022900764 
0.1643835616438356 0.1506849315068493 0.2876712328767123 0.2328767123287671 0.1643835616438356 
0.17647058823529413 0.1411764705882353 0.18823529411764706 0.3411764705882353 0.15294117647058825 
