0.3333333333333333 0.14942528735632185 0.14942528735632185 0.1724137931034483 0.19540229885057472 
0.3384615384615385 0.09230769230769231 0.18461538461538463 0.25384615384615383 0.13076923076923078 
0.3302752293577982 0.1559633027522936 0.14678899082568808 0.2018348623853211 0.1651376146788991 
0.12053571428571429 0.08482142857142858 0.10714285714285714 0.46875 0.21875 
0.25 0.1875 0.19791666666666666 0.14583333333333334 0.21875 
0.2676056338028169 0.18309859154929578 0.16901408450704225 0.19718309859154928 0.18309859154929578 
0.2956521739130435 0.13043478260869565 0.22608695652173913 0.20869565217391303 0.1391304347826087 
0.22077922077922077 0.18181818181818182 0.18181818181818182 0.22077922077922077 0.19480519480519481 
0.17567567567567569 0.20270270270270271 0.1891891891891892 0.20270270270270271 0.22972972972972974 
0.2033898305084746 0.2033898305084746 0.2033898305084746 0.2033898305084746 0.1864406779661017 
0.17543859649122806 0.21052631578947367 0.24561403508771928 0.17543859649122806 0.19298245614035087 
0.16901408450704225 0.30985915492957744 0.2112676056338028 0.15492957746478872 0.15492957746478872 
0.2696629213483146 0.19101123595505617 0.16853932584269662 0.15730337078651685 0.21348314606741572 
0.15178571428571427 0.16071428571428573 0.24107142857142858 0.19642857142857142 0.25 
0.21052631578947367 0.14285714285714285 0.21804511278195488 0.21804511278195488 0.21052631578947367 
0.24096385542168675 0.14457831325301204 0.19879518072289157 0.21084337349397592 0.20481927710843373 
0.2727272727272727 0.18181818181818182 0.18181818181818182 0.21212121212121213 0.15151515151515152 
0.25757575757575757 0.18181818181818182 0.19696969696969696 0.18181818181818182 0.18181818181818182 
0.14444444444444443 0.08888888888888889 0.16666666666666666 0.3055555555555556 0.29444444444444445 
0.3541666666666667 0.10416666666666667 0.17708333333333334 0.21875 0.14583333333333334 
0.20454545454545456 0.17045454545454544 0.19318181818181818 0.25 0.18181818181818182 
0.2717391304347826 0.14130434782608695 0.21739130434782608 0.22826086956521738 0.14130434782608695 
0.2988505747126437 0.13793103448275862 0.1781609195402299 0.13218390804597702 0.25287356321839083 
0.21774193548387097 0.08064516129032258 0.1693548387096774 0.4112903225806452 0.12096774193548387 
0.2611683848797251 0.08247422680412371 0.11683848797250859 0.41237113402061853 0.12714776632302405 
0.16666666666666666 0.1527777777777778 0.25 0.19444444444444445 0.2361111111111111 
0.3867924528301887 0.12264150943396226 0.1792452830188679 0.1792452830188679 0.1320754716981132 
0.3170731707317073 0.12195121951219512 0.21138211382113822 0.18699186991869918 0.16260162601626016 
0.19318181818181818 0.14772727272727273 0.19318181818181818 0.1590909090909091 0.3068181818181818 
0.2727272727272727 0.16666666666666666 0.19696969696969696 0.21212121212121213 0.15151515151515152 
0.20689655172413793 0.1896551724137931 0.20689655172413793 0.22413793103448276 0.1724137931034483 
0.27956989247311825 0.16129032258064516 0.15053763440860216 0.1935483870967742 0.21505376344086022 
0.3223684210526316 0.11842105263157894 0.11842105263157894 0.23684210526315788 0.20394736842105263 
0.21518987341772153 0.14556962025316456 0.16455696202531644 0.2721518987341772 0.20253164556962025 
0.1875 0.1625 0.225 0.2375 0.1875 
0.2814814814814815 0.1111111111111111 0.24444444444444444 0.21481481481481482 0.14814814814814814 
0.23809523809523808 0.19047619047619047 0.20238095238095238 0.17857142857142858 0.19047619047619047 
0.19444444444444445 0.1527777777777778 0.2361111111111111 0.2638888888888889 0.1527777777777778 
0.2857142857142857 0.17582417582417584 0.23076923076923078 0.16483516483516483 0.14285714285714285 
0.17894736842105263 0.2 0.21052631578947367 0.22105263157894736 0.18947368421052632 
0.20253164556962025 0.189873417721519 0.17721518987341772 0.27848101265822783 0.1518987341772152 
0.234375 0.1875 0.15625 0.21875 0.203125 
0.325 0.14166666666666666 0.175 0.14166666666666666 0.21666666666666667 
0.27927927927927926 0.14414414414414414 0.22522522522522523 0.15315315315315314 0.1981981981981982 
0.1643835616438356 0.1643835616438356 0.2328767123287671 0.2602739726027397 0.1780821917808219 
0.2169811320754717 0.20754716981132076 0.19811320754716982 0.16037735849056603 0.2169811320754717 
0.2072072072072072 0.15315315315315314 0.32432432432432434 0.15315315315315314 0.16216216216216217 
0.15384615384615385 0.16923076923076924 0.26153846153846155 0.2 0.2153846153846154 
0.1056338028169014 0.06338028169014084 0.10211267605633803 0.12323943661971831 0.6056338028169014 
0.19298245614035087 0.17543859649122806 0.21052631578947367 0.19298245614035087 0.22807017543859648 
0.20967741935483872 0.16129032258064516 0.1935483870967742 0.1935483870967742 0.24193548387096775 
0.16831683168316833 0.1188118811881188 0.1485148514851485 0.1188118811881188 0.44554455445544555 
0.1724137931034483 0.1724137931034483 0.1839080459770115 0.14942528735632185 0.3218390804597701 
0.1650485436893204 0.1553398058252427 0.1553398058252427 0.13592233009708737 0.3883495145631068 
0.1935483870967742 0.1827956989247312 0.21505376344086022 0.24731182795698925 0.16129032258064516 
0.12244897959183673 0.14965986394557823 0.14285714285714285 0.17687074829931973 0.40816326530612246 
0.24770642201834864 0.11926605504587157 0.3211009174311927 0.1559633027522936 0.1559633027522936 
0.22727272727272727 0.1590909090909091 0.25 0.2196969696969697 0.14393939393939395 
0.12578616352201258 0.24528301886792453 0.32075471698113206 0.1320754716981132 0.1761006289308176 
0.2463768115942029 0.17391304347826086 0.2463768115942029 0.17391304347826086 0.15942028985507245 
0.29473684210526313 0.15789473684210525 0.2 0.1631578947368421 0.18421052631578946 
0.14864864864864866 0.16216216216216217 0.2972972972972973 0.21621621621621623 0.17567567567567569 
0.21568627450980393 0.09803921568627451 0.29411764705882354 0.20588235294117646 0.18627450980392157 
0.22727272727272727 0.18181818181818182 0.2 0.22727272727272727 0.16363636363636364 
0.2 0.21333333333333335 0.16 0.22666666666666666 0.2 
0.3787878787878788 0.12878787878787878 0.14393939393939395 0.2196969696969697 0.12878787878787878 
0.27358490566037735 0.16037735849056603 0.1509433962264151 0.2169811320754717 0.19811320754716982 
0.2073170731707317 0.2073170731707317 0.1951219512195122 0.2073170731707317 0.18292682926829268 
0.12396694214876033 0.23140495867768596 0.3305785123966942 0.1487603305785124 0.1652892561983471 
0.21935483870967742 0.2 0.12903225806451613 0.23225806451612904 0.21935483870967742 
0.3 0.2857142857142857 0.10476190476190476 0.18571428571428572 0.12380952380952381 
0.16981132075471697 0.2358490566037736 0.20754716981132076 0.25471698113207547 0.1320754716981132 
0.15517241379310345 0.19827586206896552 0.20689655172413793 0.23275862068965517 0.20689655172413793 
0.11764705882352941 0.36764705882352944 0.13970588235294118 0.16911764705882354 0.20588235294117646 
0.19827586206896552 0.14655172413793102 0.1810344827586207 0.23275862068965517 0.2413793103448276 
0.1864406779661017 0.3898305084745763 0.13559322033898305 0.1440677966101695 0.1440677966101695 
0.14285714285714285 0.24675324675324675 0.22077922077922077 0.15584415584415584 0.23376623376623376 
0.23255813953488372 0.13178294573643412 0.24806201550387597 0.24031007751937986 0.14728682170542637 
0.2 0.184 0.112 0.376 0.128 
0.16455696202531644 0.16455696202531644 0.22784810126582278 0.22784810126582278 0.21518987341772153 
0.18666666666666668 0.18666666666666668 0.24 0.22666666666666666 0.16 
0.2028985507246377 0.17391304347826086 0.17391304347826086 0.2753623188405797 0.17391304347826086 
0.11382113821138211 0.2601626016260163 0.13821138211382114 0.3008130081300813 0.18699186991869918 
0.16923076923076924 0.24615384615384617 0.2 0.18461538461538463 0.2 
0.25 0.20714285714285716 0.18571428571428572 0.17142857142857143 0.18571428571428572 
0.4485981308411215 0.11214953271028037 0.1542056074766355 0.1588785046728972 0.1261682242990654 
0.2571428571428571 0.23809523809523808 0.18095238095238095 0.19047619047619047 0.13333333333333333 
0.2 0.16521739130434782 0.17391304347826086 0.2956521739130435 0.16521739130434782 
0.22580645161290322 0.20967741935483872 0.20967741935483872 0.1935483870967742 0.16129032258064516 
0.23255813953488372 0.16279069767441862 0.23255813953488372 0.18604651162790697 0.18604651162790697 
0.10638297872340426 0.18085106382978725 0.32978723404255317 0.2127659574468085 0.1702127659574468 
0.2222222222222222 0.15555555555555556 0.2777777777777778 0.16666666666666666 0.17777777777777778 
0.24615384615384617 0.15384615384615385 0.23076923076923078 0.18461538461538463 0.18461538461538463 
0.24770642201834864 0.12844036697247707 0.1651376146788991 0.27522935779816515 0.1834862385321101 
0.17708333333333334 0.13541666666666666 0.16666666666666666 0.2708333333333333 0.25 
0.35172413793103446 0.1793103448275862 0.18620689655172415 0.14482758620689656 0.13793103448275862 
0.2597402597402597 0.12987012987012986 0.2077922077922078 0.19480519480519481 0.2077922077922078 
0.3669724770642202 0.09174311926605505 0.1834862385321101 0.11009174311926606 0.24770642201834864 
0.24352331606217617 0.11917098445595854 0.15544041450777202 0.3316062176165803 0.15025906735751296 
0.2967032967032967 0.15384615384615385 0.23076923076923078 0.17582417582417584 0.14285714285714285 
0.16666666666666666 0.15151515151515152 0.18181818181818182 0.30303030303030304 0.19696969696969696 
0.25 0.13793103448275862 0.21551724137931033 0.19827586206896552 0.19827586206896552 
0.3317757009345794 0.1261682242990654 0.17289719626168223 0.24299065420560748 0.1261682242990654 
0.2608695652173913 0.12422360248447205 0.14906832298136646 0.32298136645962733 0.14285714285714285 
0.27586206896551724 0.12931034482758622 0.1724137931034483 0.25862068965517243 0.16379310344827586 
0.16058394160583941 0.0948905109489051 0.26277372262773724 0.32116788321167883 0.16058394160583941 
0.21052631578947367 0.18421052631578946 0.17105263157894737 0.23684210526315788 0.19736842105263158 
0.32972972972972975 0.1891891891891892 0.2 0.1783783783783784 0.10270270270270271 
0.17857142857142858 0.16666666666666666 0.21428571428571427 0.17857142857142858 0.2619047619047619 
0.3020833333333333 0.125 0.17708333333333334 0.1875 0.20833333333333334 
0.19230769230769232 0.20512820512820512 0.24358974358974358 0.1794871794871795 0.1794871794871795 
0.2358490566037736 0.16037735849056603 0.25471698113207547 0.2358490566037736 0.11320754716981132 
0.2631578947368421 0.12781954887218044 0.20300751879699247 0.23308270676691728 0.17293233082706766 
0.34408602150537637 0.15053763440860216 0.15053763440860216 0.1827956989247312 0.17204301075268819 
0.2147239263803681 0.11042944785276074 0.20245398773006135 0.2822085889570552 0.1901840490797546 
0.2222222222222222 0.20634920634920634 0.2222222222222222 0.1746031746031746 0.1746031746031746 
0.16901408450704225 0.14084507042253522 0.28169014084507044 0.2112676056338028 0.19718309859154928 
0.29545454545454547 0.09545454545454546 0.08181818181818182 0.29545454545454547 0.2318181818181818 
0.15384615384615385 0.21978021978021978 0.21978021978021978 0.16483516483516483 0.24175824175824176 
0.26506024096385544 0.1144578313253012 0.19879518072289157 0.18072289156626506 0.24096385542168675 
0.15178571428571427 0.16071428571428573 0.19642857142857142 0.13392857142857142 0.35714285714285715 
0.15217391304347827 0.16304347826086957 0.2391304347826087 0.21739130434782608 0.22826086956521738 
0.20987654320987653 0.16049382716049382 0.25925925925925924 0.18518518518518517 0.18518518518518517 
0.1888111888111888 0.11188811188811189 0.20279720279720279 0.2867132867132867 0.2097902097902098 
0.16666666666666666 0.21666666666666667 0.23333333333333334 0.2 0.18333333333333332 
0.12406015037593984 0.3383458646616541 0.11654135338345864 0.2932330827067669 0.12781954887218044 
0.13186813186813187 0.2087912087912088 0.2087912087912088 0.2967032967032967 0.15384615384615385 
0.11965811965811966 0.37606837606837606 0.20512820512820512 0.1452991452991453 0.15384615384615385 
0.22857142857142856 0.24761904761904763 0.20952380952380953 0.17142857142857143 0.14285714285714285 
0.16216216216216217 0.22297297297297297 0.24324324324324326 0.21621621621621623 0.1554054054054054 
0.1607843137254902 0.2980392156862745 0.16862745098039217 0.12941176470588237 0.24313725490196078 
0.15789473684210525 0.3508771929824561 0.21929824561403508 0.13157894736842105 0.14035087719298245 
0.14150943396226415 0.2830188679245283 0.16981132075471697 0.2169811320754717 0.18867924528301888 
0.16216216216216217 0.21621621621621623 0.1891891891891892 0.27927927927927926 0.15315315315315314 
0.192 0.192 0.248 0.184 0.184 
0.16304347826086957 0.2391304347826087 0.25 0.16304347826086957 0.18478260869565216 
0.15384615384615385 0.38461538461538464 0.13609467455621302 0.20118343195266272 0.1242603550295858 
0.11046511627906977 0.31976744186046513 0.13372093023255813 0.23837209302325582 0.19767441860465115 
0.1875 0.28125 0.1875 0.171875 0.171875 
0.14285714285714285 0.2761904761904762 0.1523809523809524 0.23809523809523808 0.19047619047619047 
0.18032786885245902 0.18032786885245902 0.26229508196721313 0.19672131147540983 0.18032786885245902 
0.10429447852760736 0.17791411042944785 0.12269938650306748 0.17177914110429449 0.4233128834355828 
0.07051282051282051 0.16025641025641027 0.12179487179487179 0.21794871794871795 0.42948717948717946 
0.1797752808988764 0.19101123595505617 0.19101123595505617 0.15730337078651685 0.2808988764044944 
0.2441860465116279 0.13953488372093023 0.19767441860465115 0.1744186046511628 0.2441860465116279 
0.19402985074626866 0.208955223880597 0.19402985074626866 0.208955223880597 0.19402985074626866 
0.38392857142857145 0.21428571428571427 0.15178571428571427 0.09821428571428571 0.15178571428571427 
0.48672566371681414 0.12389380530973451 0.1415929203539823 0.09734513274336283 0.1504424778761062 
0.27884615384615385 0.125 0.2980769230769231 0.15384615384615385 0.14423076923076922 
0.21621621621621623 0.1891891891891892 0.21621621621621623 0.17567567567567569 0.20270270270270271 
0.17142857142857143 0.15714285714285714 0.21428571428571427 0.2714285714285714 0.18571428571428572 
0.2564102564102564 0.15384615384615385 0.24358974358974358 0.15384615384615385 0.19230769230769232 
0.22580645161290322 0.16129032258064516 0.20967741935483872 0.1935483870967742 0.20967741935483872 
0.22 0.18 0.18 0.24 0.18 
0.1346153846153846 0.14423076923076922 0.20192307692307693 0.23076923076923078 0.28846153846153844 
0.2 0.16470588235294117 0.17647058823529413 0.18823529411764706 0.27058823529411763 
0.30625 0.1625 0.1625 0.1875 0.18125 
0.29411764705882354 0.10084033613445378 0.25210084033613445 0.2184873949579832 0.13445378151260504 
0.44 0.14285714285714285 0.14857142857142858 0.12 0.14857142857142858 
0.24489795918367346 0.12244897959183673 0.23809523809523808 0.23809523809523808 0.1564625850340136 
0.19393939393939394 0.12121212121212122 0.14545454545454545 0.20606060606060606 0.3333333333333333 
0.24210526315789474 0.12631578947368421 0.21052631578947367 0.25263157894736843 0.16842105263157894 
0.2 0.1411764705882353 0.25882352941176473 0.24705882352941178 0.15294117647058825 
0.2571428571428571 0.1619047619047619 0.17142857142857143 0.14285714285714285 0.26666666666666666 
0.37254901960784315 0.12418300653594772 0.13071895424836602 0.24183006535947713 0.13071895424836602 
0.2248062015503876 0.12403100775193798 0.20930232558139536 0.29457364341085274 0.14728682170542637 
0.1437908496732026 0.13071895424836602 0.2679738562091503 0.24836601307189543 0.20915032679738563 
0.14545454545454545 0.15454545454545454 0.23636363636363636 0.15454545454545454 0.3090909090909091 
0.12941176470588237 0.15294117647058825 0.25882352941176473 0.1411764705882353 0.3176470588235294 
0.21428571428571427 0.17857142857142858 0.21428571428571427 0.17857142857142858 0.21428571428571427 
0.14035087719298245 0.16666666666666666 0.21929824561403508 0.17543859649122806 0.2982456140350877 
0.1875 0.203125 0.1875 0.15625 0.265625 
0.19696969696969696 0.19696969696969696 0.15151515151515152 0.21212121212121213 0.24242424242424243 
0.18811881188118812 0.16831683168316833 0.1782178217821782 0.21782178217821782 0.24752475247524752 
0.21311475409836064 0.21311475409836064 0.19672131147540983 0.19672131147540983 0.18032786885245902 
0.26495726495726496 0.17094017094017094 0.21367521367521367 0.17094017094017094 0.1794871794871795 
0.17647058823529413 0.14705882352941177 0.19117647058823528 0.23529411764705882 0.25 
0.15625 0.16666666666666666 0.23958333333333334 0.21875 0.21875 
0.21428571428571427 0.12244897959183673 0.23469387755102042 0.25510204081632654 0.17346938775510204 
0.18421052631578946 0.14473684210526316 0.25 0.23684210526315788 0.18421052631578946 
0.1388888888888889 0.14444444444444443 0.26666666666666666 0.3055555555555556 0.14444444444444443 
0.1574074074074074 0.1574074074074074 0.2222222222222222 0.28703703703703703 0.17592592592592593 
0.2535211267605634 0.14084507042253522 0.22535211267605634 0.18309859154929578 0.19718309859154928 
0.26153846153846155 0.18461538461538463 0.2153846153846154 0.16923076923076924 0.16923076923076924 
0.23863636363636365 0.13636363636363635 0.23863636363636365 0.18181818181818182 0.20454545454545456 
0.24858757062146894 0.15254237288135594 0.1864406779661017 0.1751412429378531 0.23728813559322035 
0.16326530612244897 0.1564625850340136 0.09523809523809523 0.14285714285714285 0.4421768707482993 
0.13445378151260504 0.11764705882352941 0.11764705882352941 0.44537815126050423 0.18487394957983194 
0.18811881188118812 0.19801980198019803 0.24752475247524752 0.22772277227722773 0.13861386138613863 
0.18085106382978725 0.13829787234042554 0.10106382978723404 0.3617021276595745 0.21808510638297873 
0.11347517730496454 0.14893617021276595 0.2127659574468085 0.3475177304964539 0.1773049645390071 
0.19540229885057472 0.20689655172413793 0.22988505747126436 0.1839080459770115 0.1839080459770115 
0.19791666666666666 0.16666666666666666 0.17708333333333334 0.3020833333333333 0.15625 
0.13909774436090225 0.13533834586466165 0.13157894736842105 0.42105263157894735 0.17293233082706766 
0.2894736842105263 0.14473684210526316 0.17105263157894737 0.23684210526315788 0.15789473684210525 
0.10526315789473684 0.14035087719298245 0.21052631578947367 0.39473684210526316 0.14912280701754385 
0.1568627450980392 0.1568627450980392 0.27450980392156865 0.19607843137254902 0.21568627450980393 
0.13970588235294118 0.125 0.18382352941176472 0.375 0.17647058823529413 
0.1839080459770115 0.14942528735632185 0.1724137931034483 0.367816091954023 0.12643678160919541 
0.203125 0.15625 0.234375 0.25 0.15625 
0.23076923076923078 0.16923076923076924 0.2153846153846154 0.23846153846153847 0.14615384615384616 
0.18421052631578946 0.19736842105263158 0.18421052631578946 0.21052631578947367 0.2236842105263158 
0.21428571428571427 0.11038961038961038 0.11038961038961038 0.38311688311688313 0.18181818181818182 
0.2 0.2714285714285714 0.18571428571428572 0.17142857142857143 0.17142857142857143 
0.08264462809917356 0.21487603305785125 0.19834710743801653 0.2066115702479339 0.2975206611570248 
0.23529411764705882 0.14705882352941177 0.2647058823529412 0.17647058823529413 0.17647058823529413 
0.2 0.21666666666666667 0.2 0.18333333333333332 0.2 
0.14893617021276595 0.19148936170212766 0.2872340425531915 0.1702127659574468 0.20212765957446807 
0.22758620689655173 0.1310344827586207 0.20689655172413793 0.23448275862068965 0.2 
0.2822085889570552 0.1411042944785276 0.20245398773006135 0.17177914110429449 0.20245398773006135 
0.2840909090909091 0.1590909090909091 0.25 0.1590909090909091 0.14772727272727273 
0.19658119658119658 0.13675213675213677 0.2564102564102564 0.2222222222222222 0.18803418803418803 
0.18947368421052632 0.12631578947368421 0.2631578947368421 0.2 0.22105263157894736 
0.2222222222222222 0.2111111111111111 0.16666666666666666 0.2 0.2 
0.42735042735042733 0.11965811965811966 0.18803418803418803 0.13675213675213677 0.1282051282051282 
0.2391304347826087 0.16304347826086957 0.25 0.20652173913043478 0.14130434782608695 
0.22666666666666666 0.18666666666666668 0.24 0.18666666666666668 0.16 
0.2734375 0.125 0.2265625 0.203125 0.171875 
0.23636363636363636 0.10909090909090909 0.19393939393939394 0.24242424242424243 0.21818181818181817 
0.32608695652173914 0.16304347826086957 0.17391304347826086 0.17391304347826086 0.16304347826086957 
0.25892857142857145 0.1875 0.14285714285714285 0.19642857142857142 0.21428571428571427 
0.25925925925925924 0.13580246913580246 0.19753086419753085 0.2345679012345679 0.1728395061728395 
0.2553191489361702 0.14893617021276595 0.2553191489361702 0.20212765957446807 0.13829787234042554 
0.40350877192982454 0.15789473684210525 0.11403508771929824 0.20175438596491227 0.12280701754385964 
0.2777777777777778 0.12962962962962962 0.2037037037037037 0.18518518518518517 0.2037037037037037 
0.2222222222222222 0.1746031746031746 0.2222222222222222 0.1746031746031746 0.20634920634920634 
0.506578947368421 0.1118421052631579 0.1118421052631579 0.19736842105263158 0.07236842105263158 
0.3018867924528302 0.14150943396226415 0.16037735849056603 0.19811320754716982 0.19811320754716982 
0.3076923076923077 0.14285714285714285 0.16483516483516483 0.1978021978021978 0.18681318681318682 
0.34285714285714286 0.18095238095238095 0.19047619047619047 0.17142857142857143 0.11428571428571428 
0.42857142857142855 0.10952380952380952 0.1619047619047619 0.15714285714285714 0.14285714285714285 
0.3356643356643357 0.1888111888111888 0.13986013986013987 0.16783216783216784 0.16783216783216784 
0.28 0.11 0.2 0.3 0.11 
0.21666666666666667 0.16666666666666666 0.23333333333333334 0.2 0.18333333333333332 
0.2987012987012987 0.14285714285714285 0.19480519480519481 0.15584415584415584 0.2077922077922078 
0.2073170731707317 0.2073170731707317 0.25609756097560976 0.1951219512195122 0.13414634146341464 
0.3375 0.15 0.14375 0.26875 0.1 
0.26666666666666666 0.16 0.25333333333333335 0.14666666666666667 0.17333333333333334 
0.21428571428571427 0.11224489795918367 0.24489795918367346 0.2653061224489796 0.16326530612244897 
0.3978494623655914 0.13978494623655913 0.1935483870967742 0.11827956989247312 0.15053763440860216 
0.28735632183908044 0.1839080459770115 0.21839080459770116 0.1839080459770115 0.12643678160919541 
0.2268041237113402 0.13402061855670103 0.1958762886597938 0.27835051546391754 0.16494845360824742 
0.3132530120481928 0.14457831325301204 0.20481927710843373 0.1566265060240964 0.18072289156626506 
0.19791666666666666 0.2604166666666667 0.23958333333333334 0.1875 0.11458333333333333 
0.2608695652173913 0.15942028985507245 0.21739130434782608 0.21739130434782608 0.14492753623188406 
0.171875 0.15625 0.234375 0.171875 0.265625 
0.4700460829493088 0.09216589861751152 0.17511520737327188 0.16589861751152074 0.0967741935483871 
0.2558139534883721 0.16279069767441862 0.20155038759689922 0.14728682170542637 0.23255813953488372 
0.24358974358974358 0.14102564102564102 0.28205128205128205 0.1794871794871795 0.15384615384615385 
0.3135593220338983 0.11864406779661017 0.19491525423728814 0.1864406779661017 0.1864406779661017 
0.21666666666666667 0.16666666666666666 0.2833333333333333 0.16666666666666666 0.16666666666666666 
0.19047619047619047 0.1746031746031746 0.2222222222222222 0.2222222222222222 0.19047619047619047 
0.16666666666666666 0.2 0.23333333333333334 0.23333333333333334 0.16666666666666666 
0.18518518518518517 0.2037037037037037 0.24074074074074073 0.18518518518518517 0.18518518518518517 
0.16666666666666666 0.19230769230769232 0.23076923076923078 0.21794871794871795 0.19230769230769232 
0.2046783625730994 0.09941520467836257 0.15789473684210525 0.1871345029239766 0.3508771929824561 
0.15503875968992248 0.13178294573643412 0.3643410852713178 0.16279069767441862 0.18604651162790697 
0.24242424242424243 0.19696969696969696 0.16666666666666666 0.19696969696969696 0.19696969696969696 
0.171875 0.171875 0.1875 0.203125 0.265625 
0.15079365079365079 0.16666666666666666 0.15873015873015872 0.11904761904761904 0.40476190476190477 
0.24761904761904763 0.10476190476190476 0.23809523809523808 0.29523809523809524 0.11428571428571428 
0.18867924528301888 0.18867924528301888 0.22641509433962265 0.20754716981132076 0.18867924528301888 
0.2835820895522388 0.1791044776119403 0.1791044776119403 0.19402985074626866 0.16417910447761194 
0.21875 0.171875 0.21875 0.1875 0.203125 
0.2604166666666667 0.17708333333333334 0.22916666666666666 0.21875 0.11458333333333333 
0.2033898305084746 0.2033898305084746 0.22033898305084745 0.1864406779661017 0.1864406779661017 
0.18181818181818182 0.18181818181818182 0.19834710743801653 0.24793388429752067 0.19008264462809918 
0.11891891891891893 0.1945945945945946 0.34594594594594597 0.11891891891891893 0.22162162162162163 
0.1497326203208556 0.18716577540106952 0.24064171122994651 0.2192513368983957 0.20320855614973263 
0.17857142857142858 0.16964285714285715 0.1875 0.11607142857142858 0.3482142857142857 
0.12631578947368421 0.10526315789473684 0.2 0.1368421052631579 0.43157894736842106 
0.1375 0.1625 0.2 0.125 0.375 
0.12903225806451613 0.11827956989247312 0.17204301075268819 0.15053763440860216 0.43010752688172044 
0.2 0.2 0.21818181818181817 0.18181818181818182 0.2 
0.15873015873015872 0.20634920634920634 0.19047619047619047 0.1746031746031746 0.2698412698412698 
0.14814814814814814 0.14814814814814814 0.18518518518518517 0.12345679012345678 0.3950617283950617 
0.1232876712328767 0.13013698630136986 0.4041095890410959 0.1643835616438356 0.1780821917808219 
0.15950920245398773 0.09815950920245399 0.10429447852760736 0.08588957055214724 0.5521472392638037 
0.22580645161290322 0.16129032258064516 0.16129032258064516 0.16129032258064516 0.2903225806451613 
0.16129032258064516 0.08870967741935484 0.3951612903225806 0.20967741935483872 0.14516129032258066 
0.16 0.17333333333333334 0.18666666666666668 0.18666666666666668 0.29333333333333333 
0.12149532710280374 0.19626168224299065 0.11214953271028037 0.17757009345794392 0.3925233644859813 
0.15789473684210525 0.15789473684210525 0.2631578947368421 0.14473684210526316 0.27631578947368424 
0.10837438423645321 0.12315270935960591 0.15763546798029557 0.21182266009852216 0.39901477832512317 
0.16666666666666666 0.13793103448275862 0.3735632183908046 0.1206896551724138 0.20114942528735633 
0.24666666666666667 0.17333333333333334 0.24666666666666667 0.15333333333333332 0.18 
0.15625 0.1875 0.203125 0.1875 0.265625 
0.21951219512195122 0.2073170731707317 0.14634146341463414 0.25609756097560976 0.17073170731707318 
0.10884353741496598 0.46258503401360546 0.14285714285714285 0.1292517006802721 0.1564625850340136 
0.17567567567567569 0.21621621621621623 0.17567567567567569 0.2702702702702703 0.16216216216216217 
0.20388349514563106 0.24271844660194175 0.20388349514563106 0.1941747572815534 0.1553398058252427 
0.13157894736842105 0.14035087719298245 0.3333333333333333 0.2543859649122807 0.14035087719298245 
0.12658227848101267 0.24050632911392406 0.21518987341772153 0.21518987341772153 0.20253164556962025 
0.11428571428571428 0.3523809523809524 0.14285714285714285 0.24761904761904763 0.14285714285714285 
0.125 0.3625 0.175 0.1625 0.175 
0.1724137931034483 0.25862068965517243 0.1896551724137931 0.1896551724137931 0.1896551724137931 
0.1643835616438356 0.1506849315068493 0.2054794520547945 0.2054794520547945 0.273972602739726 
0.2391304347826087 0.29347826086956524 0.11956521739130435 0.20652173913043478 0.14130434782608695 
0.15492957746478872 0.16901408450704225 0.22535211267605634 0.2112676056338028 0.23943661971830985 
0.18505338078291814 0.13167259786476868 0.15658362989323843 0.34519572953736655 0.18149466192170818 
0.23880597014925373 0.16417910447761194 0.14925373134328357 0.22388059701492538 0.22388059701492538 
0.16091954022988506 0.21839080459770116 0.26436781609195403 0.1724137931034483 0.1839080459770115 
0.08502024291497975 0.6275303643724697 0.07692307692307693 0.0931174089068826 0.11740890688259109 
0.19540229885057472 0.20689655172413793 0.1724137931034483 0.16091954022988506 0.26436781609195403 
0.13157894736842105 0.32894736842105265 0.2236842105263158 0.13157894736842105 0.18421052631578946 
0.14516129032258066 0.28225806451612906 0.12096774193548387 0.12903225806451613 0.3225806451612903 
0.18181818181818182 0.21818181818181817 0.2 0.21818181818181817 0.18181818181818182 
0.18072289156626506 0.20481927710843373 0.1566265060240964 0.1566265060240964 0.30120481927710846 
0.1643835616438356 0.2602739726027397 0.1917808219178082 0.1780821917808219 0.2054794520547945 
0.1864406779661017 0.23728813559322035 0.1864406779661017 0.1864406779661017 0.2033898305084746 
0.3409090909090909 0.12878787878787878 0.19696969696969696 0.12878787878787878 0.20454545454545456 
0.19718309859154928 0.16901408450704225 0.2676056338028169 0.18309859154929578 0.18309859154929578 
0.20202020202020202 0.16161616161616163 0.23232323232323232 0.24242424242424243 0.16161616161616163 
0.15555555555555556 0.3 0.26666666666666666 0.13333333333333333 0.14444444444444443 
0.1188118811881188 0.24752475247524752 0.32673267326732675 0.16831683168316833 0.13861386138613863 
0.19047619047619047 0.11564625850340136 0.4421768707482993 0.1292517006802721 0.12244897959183673 
0.13559322033898305 0.211864406779661 0.3220338983050847 0.211864406779661 0.11864406779661017 
0.14102564102564102 0.19230769230769232 0.32051282051282054 0.14102564102564102 0.20512820512820512 
0.15625 0.2604166666666667 0.3020833333333333 0.125 0.15625 
0.15 0.19166666666666668 0.38333333333333336 0.11666666666666667 0.15833333333333333 
0.14285714285714285 0.2605042016806723 0.31092436974789917 0.14285714285714285 0.14285714285714285 
0.14150943396226415 0.18867924528301888 0.4088050314465409 0.1320754716981132 0.1289308176100629 
0.15757575757575756 0.23030303030303031 0.3575757575757576 0.17575757575757575 0.07878787878787878 
0.13392857142857142 0.15178571428571427 0.4017857142857143 0.20535714285714285 0.10714285714285714 
0.09929078014184398 0.1773049645390071 0.3475177304964539 0.16312056737588654 0.2127659574468085 
0.24666666666666667 0.10666666666666667 0.26666666666666666 0.18 0.2 
0.26956521739130435 0.1391304347826087 0.16521739130434782 0.25217391304347825 0.17391304347826086 
0.2535211267605634 0.15492957746478872 0.23943661971830985 0.18309859154929578 0.16901408450704225 
0.34408602150537637 0.17204301075268819 0.23655913978494625 0.12903225806451613 0.11827956989247312 
0.22580645161290322 0.1774193548387097 0.20967741935483872 0.20967741935483872 0.1774193548387097 
0.25757575757575757 0.15151515151515152 0.18181818181818182 0.21212121212121213 0.19696969696969696 
0.26717557251908397 0.20610687022900764 0.17557251908396945 0.183206106870229 0.16793893129770993 
0.16666666666666666 0.19696969696969696 0.2727272727272727 0.18181818181818182 0.18181818181818182 
0.1875 0.171875 0.234375 0.203125 0.203125 
0.23863636363636365 0.17045454545454544 0.26136363636363635 0.19318181818181818 0.13636363636363635 
0.2198581560283688 0.18439716312056736 0.24113475177304963 0.16312056737588654 0.19148936170212766 
0.17647058823529413 0.2 0.16470588235294117 0.29411764705882354 0.16470588235294117 
0.25742574257425743 0.13861386138613863 0.24752475247524752 0.18811881188118812 0.16831683168316833 
0.2112676056338028 0.19718309859154928 0.2112676056338028 0.16901408450704225 0.2112676056338028 
0.21495327102803738 0.11682242990654206 0.22897196261682243 0.14018691588785046 0.29906542056074764 
0.17355371900826447 0.11019283746556474 0.23415977961432508 0.1046831955922865 0.3774104683195592 
0.31958762886597936 0.16494845360824742 0.20618556701030927 0.12371134020618557 0.18556701030927836 
0.13793103448275862 0.22988505747126436 0.20689655172413793 0.19540229885057472 0.22988505747126436 
0.16666666666666666 0.24242424242424243 0.18181818181818182 0.18181818181818182 0.22727272727272727 
0.17272727272727273 0.32727272727272727 0.18181818181818182 0.15454545454545454 0.16363636363636364 
0.16153846153846155 0.2923076923076923 0.2 0.18461538461538463 0.16153846153846155 
0.15 0.3357142857142857 0.17142857142857143 0.12857142857142856 0.21428571428571427 
0.13580246913580246 0.30864197530864196 0.2222222222222222 0.16049382716049382 0.1728395061728395 
0.22727272727272727 0.18181818181818182 0.24242424242424243 0.16666666666666666 0.18181818181818182 
0.13095238095238096 0.40476190476190477 0.17857142857142858 0.13095238095238096 0.15476190476190477 
0.12605042016806722 0.2184873949579832 0.20168067226890757 0.24369747899159663 0.21008403361344538 
0.15384615384615385 0.26495726495726496 0.1452991452991453 0.23931623931623933 0.19658119658119658 
0.12631578947368421 0.30526315789473685 0.14736842105263157 0.24210526315789474 0.17894736842105263 
0.11570247933884298 0.3884297520661157 0.2066115702479339 0.14049586776859505 0.1487603305785124 
0.1440677966101695 0.2542372881355932 0.22033898305084745 0.17796610169491525 0.2033898305084746 
0.1724137931034483 0.3103448275862069 0.15862068965517243 0.18620689655172415 0.1724137931034483 
0.1941747572815534 0.2815533980582524 0.20388349514563106 0.1941747572815534 0.1262135922330097 
0.32075471698113206 0.1792452830188679 0.16037735849056603 0.19811320754716982 0.14150943396226415 
0.19718309859154928 0.2535211267605634 0.2112676056338028 0.16901408450704225 0.16901408450704225 
0.1875 0.21875 0.21875 0.17708333333333334 0.19791666666666666 
0.1875 0.3068181818181818 0.17045454545454544 0.14204545454545456 0.19318181818181818 
0.1724137931034483 0.3931034482758621 0.13793103448275862 0.15172413793103448 0.14482758620689656 
0.1320754716981132 0.3490566037735849 0.20754716981132076 0.14150943396226415 0.16981132075471697 
0.17543859649122806 0.22807017543859648 0.22807017543859648 0.19298245614035087 0.17543859649122806 
0.11 0.31 0.24 0.22 0.12 
0.12931034482758622 0.4051724137931034 0.20689655172413793 0.13793103448275862 0.1206896551724138 
0.21333333333333335 0.21333333333333335 0.18666666666666668 0.2 0.18666666666666668 
0.1732283464566929 0.28346456692913385 0.2440944881889764 0.2047244094488189 0.09448818897637795 
0.12413793103448276 0.4068965517241379 0.2206896551724138 0.1103448275862069 0.13793103448275862 
0.24675324675324675 0.2597402597402597 0.14285714285714285 0.16883116883116883 0.18181818181818182 
0.21686746987951808 0.2891566265060241 0.18072289156626506 0.13253012048192772 0.18072289156626506 
0.06882591093117409 0.4574898785425101 0.11336032388663968 0.14979757085020243 0.21052631578947367 
0.1411764705882353 0.4176470588235294 0.12352941176470589 0.1 0.21764705882352942 
0.15873015873015872 0.2698412698412698 0.1746031746031746 0.1746031746031746 0.2222222222222222 
0.16091954022988506 0.20689655172413793 0.14942528735632185 0.3103448275862069 0.1724137931034483 
0.06598984771573604 0.30456852791878175 0.2233502538071066 0.18781725888324874 0.2182741116751269 
0.14893617021276595 0.23404255319148937 0.2553191489361702 0.22340425531914893 0.13829787234042554 
0.15503875968992248 0.3178294573643411 0.23255813953488372 0.18604651162790697 0.10852713178294573 
0.10185185185185185 0.2962962962962963 0.24074074074074073 0.16666666666666666 0.19444444444444445 
0.14035087719298245 0.2894736842105263 0.21052631578947367 0.12280701754385964 0.23684210526315788 
0.15 0.3125 0.15 0.1875 0.2 
0.15053763440860216 0.3763440860215054 0.1827956989247312 0.1881720430107527 0.10215053763440861 
0.17647058823529413 0.20588235294117646 0.19117647058823528 0.2647058823529412 0.16176470588235295 
0.1509433962264151 0.36792452830188677 0.11320754716981132 0.2358490566037736 0.1320754716981132 
0.22972972972972974 0.25675675675675674 0.17567567567567569 0.13513513513513514 0.20270270270270271 
0.2028985507246377 0.2608695652173913 0.18840579710144928 0.17391304347826086 0.17391304347826086 
0.18181818181818182 0.30303030303030304 0.20202020202020202 0.13131313131313133 0.18181818181818182 
0.17699115044247787 0.3274336283185841 0.168141592920354 0.17699115044247787 0.1504424778761062 
0.17094017094017094 0.29914529914529914 0.20512820512820512 0.18803418803418803 0.13675213675213677 
0.18055555555555555 0.2361111111111111 0.20833333333333334 0.2361111111111111 0.1388888888888889 
0.16470588235294117 0.2235294117647059 0.23529411764705882 0.21176470588235294 0.16470588235294117 
0.20588235294117646 0.29411764705882354 0.20588235294117646 0.14705882352941177 0.14705882352941177 
0.11065573770491803 0.42213114754098363 0.13934426229508196 0.13934426229508196 0.1885245901639344 
0.16071428571428573 0.21875 0.16517857142857142 0.24107142857142858 0.21428571428571427 
0.18181818181818182 0.2644628099173554 0.1652892561983471 0.19008264462809918 0.19834710743801653 
0.1511627906976744 0.23255813953488372 0.2558139534883721 0.19767441860465115 0.16279069767441862 
0.17258883248730963 0.1218274111675127 0.16751269035532995 0.2893401015228426 0.24873096446700507 
0.18421052631578946 0.23684210526315788 0.19736842105263158 0.2236842105263158 0.15789473684210525 
0.12857142857142856 0.4357142857142857 0.17857142857142858 0.1357142857142857 0.12142857142857143 
0.11055276381909548 0.4371859296482412 0.23618090452261306 0.1407035175879397 0.07537688442211055 
0.16666666666666666 0.2 0.25 0.21666666666666667 0.16666666666666666 
0.10344827586206896 0.2827586206896552 0.23448275862068965 0.18620689655172415 0.19310344827586207 
0.16666666666666666 0.19696969696969696 0.25757575757575757 0.18181818181818182 0.19696969696969696 
0.16853932584269662 0.23595505617977527 0.19101123595505617 0.23595505617977527 0.16853932584269662 
0.26153846153846155 0.2153846153846154 0.2153846153846154 0.15384615384615385 0.15384615384615385 
0.15625 0.1875 0.25 0.21875 0.1875 
0.0761904761904762 0.49047619047619045 0.11428571428571428 0.17142857142857143 0.14761904761904762 
0.14655172413793102 0.31896551724137934 0.16379310344827586 0.13793103448275862 0.23275862068965517 
0.1696969696969697 0.2545454545454545 0.17575757575757575 0.24848484848484848 0.15151515151515152 
0.19696969696969696 0.22727272727272727 0.21212121212121213 0.16666666666666666 0.19696969696969696 
0.11224489795918367 0.35714285714285715 0.15306122448979592 0.19387755102040816 0.1836734693877551 
0.1437908496732026 0.32679738562091504 0.24183006535947713 0.1568627450980392 0.13071895424836602 
0.14473684210526316 0.3157894736842105 0.17105263157894737 0.15789473684210525 0.21052631578947367 
0.15625 0.19791666666666666 0.25 0.21875 0.17708333333333334 
0.15579710144927536 0.37681159420289856 0.09420289855072464 0.2644927536231884 0.10869565217391304 
0.1896551724137931 0.22413793103448276 0.1896551724137931 0.20689655172413793 0.1896551724137931 
0.16455696202531644 0.3291139240506329 0.21518987341772153 0.1518987341772152 0.13924050632911392 
0.13402061855670103 0.36082474226804123 0.16494845360824742 0.16494845360824742 0.17525773195876287 
0.14705882352941177 0.30392156862745096 0.17647058823529413 0.16666666666666666 0.20588235294117646 
0.16494845360824742 0.38144329896907214 0.14432989690721648 0.17525773195876287 0.13402061855670103 
0.22535211267605634 0.2535211267605634 0.19718309859154928 0.18309859154929578 0.14084507042253522 
0.17567567567567569 0.28378378378378377 0.20270270270270271 0.1891891891891892 0.14864864864864866 
0.16483516483516483 0.2967032967032967 0.1978021978021978 0.14285714285714285 0.1978021978021978 
0.1839080459770115 0.1724137931034483 0.26436781609195403 0.1839080459770115 0.19540229885057472 
0.17105263157894737 0.3026315789473684 0.21052631578947367 0.13157894736842105 0.18421052631578946 
0.17857142857142858 0.23809523809523808 0.16666666666666666 0.17857142857142858 0.23809523809523808 
0.13095238095238096 0.3333333333333333 0.17857142857142858 0.19047619047619047 0.16666666666666666 
0.20253164556962025 0.3291139240506329 0.16455696202531644 0.16455696202531644 0.13924050632911392 
0.18309859154929578 0.14084507042253522 0.16901408450704225 0.2112676056338028 0.29577464788732394 
