0.11363636363636363 0.12878787878787878 0.15151515151515152 0.2803030303030303 0.32575757575757575 
0.1282051282051282 0.2222222222222222 0.19658119658119658 0.1623931623931624 0.2905982905982906 
0.10135135135135136 0.11486486486486487 0.19594594594594594 0.23648648648648649 0.35135135135135137 
0.1085972850678733 0.08597285067873303 0.16289592760180996 0.18552036199095023 0.45701357466063347 
0.16666666666666666 0.1527777777777778 0.16666666666666666 0.19444444444444445 0.3194444444444444 
0.12222222222222222 0.16666666666666666 0.3111111111111111 0.15555555555555556 0.24444444444444444 
0.14444444444444443 0.14444444444444443 0.15555555555555556 0.15555555555555556 0.4 
0.14893617021276595 0.1595744680851064 0.14893617021276595 0.26595744680851063 0.2765957446808511 
0.17073170731707318 0.17073170731707318 0.17073170731707318 0.23170731707317074 0.25609756097560976 
0.14814814814814814 0.1388888888888889 0.17592592592592593 0.2222222222222222 0.3148148148148148 
0.14473684210526316 0.15789473684210525 0.19736842105263158 0.2631578947368421 0.23684210526315788 
0.07174887892376682 0.13452914798206278 0.09417040358744394 0.21524663677130046 0.484304932735426 
0.1518987341772152 0.1518987341772152 0.21518987341772153 0.21518987341772153 0.26582278481012656 
0.16455696202531644 0.1518987341772152 0.27848101265822783 0.189873417721519 0.21518987341772153 
0.18571428571428572 0.18571428571428572 0.21428571428571427 0.18571428571428572 0.22857142857142856 
0.16049382716049382 0.14814814814814814 0.24691358024691357 0.2222222222222222 0.2222222222222222 
0.13043478260869565 0.15217391304347827 0.16304347826086957 0.22826086956521738 0.32608695652173914 
0.112 0.136 0.168 0.264 0.32 
0.11016949152542373 0.1694915254237288 0.22033898305084745 0.2033898305084746 0.2966101694915254 
0.18181818181818182 0.18181818181818182 0.18181818181818182 0.2 0.2545454545454545 
0.14492753623188406 0.15942028985507245 0.21739130434782608 0.2028985507246377 0.2753623188405797 
0.1506849315068493 0.1780821917808219 0.2054794520547945 0.273972602739726 0.1917808219178082 
0.18309859154929578 0.1056338028169014 0.14084507042253522 0.16901408450704225 0.4014084507042254 
0.1391304347826087 0.13043478260869565 0.14782608695652175 0.2782608695652174 0.30434782608695654 
0.13559322033898305 0.15254237288135594 0.19491525423728814 0.2627118644067797 0.2542372881355932 
0.19631901840490798 0.10429447852760736 0.1901840490797546 0.31901840490797545 0.1901840490797546 
0.14772727272727273 0.3977272727272727 0.17045454545454544 0.14772727272727273 0.13636363636363635 
0.17391304347826086 0.2898550724637681 0.21739130434782608 0.14492753623188406 0.17391304347826086 
0.17567567567567569 0.3108108108108108 0.17567567567567569 0.17567567567567569 0.16216216216216217 
0.19767441860465115 0.3372093023255814 0.13953488372093023 0.1511627906976744 0.1744186046511628 
0.20689655172413793 0.2413793103448276 0.20689655172413793 0.1724137931034483 0.1724137931034483 
0.25925925925925924 0.13580246913580246 0.16049382716049382 0.2222222222222222 0.2222222222222222 
0.2375 0.1625 0.2125 0.15 0.2375 
0.16393442622950818 0.16393442622950818 0.21311475409836064 0.29508196721311475 0.16393442622950818 
0.16393442622950818 0.16393442622950818 0.19672131147540983 0.2459016393442623 0.22950819672131148 
0.17708333333333334 0.14583333333333334 0.14583333333333334 0.1875 0.34375 
0.18571428571428572 0.14285714285714285 0.21428571428571427 0.2714285714285714 0.18571428571428572 
0.17105263157894737 0.2236842105263158 0.17105263157894737 0.23684210526315788 0.19736842105263158 
0.09444444444444444 0.16111111111111112 0.14444444444444443 0.4388888888888889 0.16111111111111112 
0.1875 0.203125 0.15625 0.25 0.203125 
0.1320754716981132 0.16981132075471697 0.10377358490566038 0.4339622641509434 0.16037735849056603 
0.11818181818181818 0.13636363636363635 0.21818181818181817 0.33636363636363636 0.19090909090909092 
0.10588235294117647 0.11176470588235295 0.12352941176470589 0.4176470588235294 0.2411764705882353 
0.11403508771929824 0.14912280701754385 0.15789473684210525 0.41228070175438597 0.16666666666666666 
0.17721518987341772 0.17721518987341772 0.16455696202531644 0.34177215189873417 0.13924050632911392 
0.06872852233676977 0.14776632302405499 0.1134020618556701 0.39862542955326463 0.27147766323024053 
0.1891891891891892 0.13513513513513514 0.14414414414414414 0.32432432432432434 0.2072072072072072 
0.1794871794871795 0.16666666666666666 0.20512820512820512 0.2948717948717949 0.15384615384615385 
0.1553398058252427 0.13592233009708737 0.21359223300970873 0.34951456310679613 0.14563106796116504 
0.19 0.13 0.12 0.35 0.21 
0.1487603305785124 0.11570247933884298 0.23140495867768596 0.2396694214876033 0.2644628099173554 
0.2097902097902098 0.18181818181818182 0.13986013986013987 0.23076923076923078 0.23776223776223776 
0.16161616161616163 0.1414141414141414 0.18181818181818182 0.3838383838383838 0.13131313131313133 
0.13389121338912133 0.11297071129707113 0.13807531380753138 0.5188284518828452 0.09623430962343096 
0.16666666666666666 0.16666666666666666 0.18181818181818182 0.2878787878787879 0.19696969696969696 
0.1 0.1 0.15454545454545454 0.4727272727272727 0.17272727272727273 
0.14814814814814814 0.14814814814814814 0.18518518518518517 0.2839506172839506 0.2345679012345679 
0.13095238095238096 0.14285714285714285 0.21428571428571427 0.21428571428571427 0.2976190476190476 
0.15873015873015872 0.19047619047619047 0.19047619047619047 0.23809523809523808 0.2222222222222222 
0.10714285714285714 0.13392857142857142 0.14285714285714285 0.3482142857142857 0.26785714285714285 
0.1625 0.2 0.175 0.2625 0.2 
0.15463917525773196 0.1134020618556701 0.20618556701030927 0.30927835051546393 0.21649484536082475 
0.2 0.15714285714285714 0.18571428571428572 0.2857142857142857 0.17142857142857143 
0.15151515151515152 0.15151515151515152 0.18181818181818182 0.3181818181818182 0.19696969696969696 
0.14893617021276595 0.11702127659574468 0.14893617021276595 0.3191489361702128 0.26595744680851063 
0.14432989690721648 0.12371134020618557 0.12371134020618557 0.3917525773195876 0.21649484536082475 
0.1388888888888889 0.16666666666666666 0.1736111111111111 0.3819444444444444 0.1388888888888889 
0.1896551724137931 0.1896551724137931 0.1724137931034483 0.25862068965517243 0.1896551724137931 
0.13043478260869565 0.08695652173913043 0.22608695652173913 0.34782608695652173 0.20869565217391303 
0.18055555555555555 0.1527777777777778 0.19444444444444445 0.3055555555555556 0.16666666666666666 
0.18085106382978725 0.18085106382978725 0.11702127659574468 0.35106382978723405 0.1702127659574468 
0.14473684210526316 0.14473684210526316 0.17105263157894737 0.35526315789473684 0.18421052631578946 
0.18333333333333332 0.16666666666666666 0.16666666666666666 0.23333333333333334 0.25 
0.1326530612244898 0.12244897959183673 0.22448979591836735 0.3163265306122449 0.20408163265306123 
0.17333333333333334 0.16 0.22666666666666666 0.26666666666666666 0.17333333333333334 
0.14285714285714285 0.12857142857142856 0.10714285714285714 0.3142857142857143 0.30714285714285716 
0.21621621621621623 0.13513513513513514 0.17567567567567569 0.24324324324324326 0.22972972972972974 
0.1506849315068493 0.1780821917808219 0.1780821917808219 0.3150684931506849 0.1780821917808219 
0.13392857142857142 0.16071428571428573 0.13392857142857142 0.44642857142857145 0.125 
0.13131313131313133 0.1111111111111111 0.18181818181818182 0.3939393939393939 0.18181818181818182 
0.1506849315068493 0.1780821917808219 0.1506849315068493 0.3150684931506849 0.2054794520547945 
0.17857142857142858 0.17857142857142858 0.17857142857142858 0.26785714285714285 0.19642857142857142 
0.21875 0.15625 0.203125 0.203125 0.21875 
0.1774193548387097 0.1774193548387097 0.22580645161290322 0.22580645161290322 0.1935483870967742 
0.15873015873015872 0.1746031746031746 0.15873015873015872 0.2698412698412698 0.23809523809523808 
0.11711711711711711 0.13513513513513514 0.1981981981981982 0.27927927927927926 0.2702702702702703 
0.1774193548387097 0.20967741935483872 0.16129032258064516 0.22580645161290322 0.22580645161290322 
0.13725490196078433 0.17647058823529413 0.1568627450980392 0.3627450980392157 0.16666666666666666 
0.16129032258064516 0.1774193548387097 0.20967741935483872 0.27419354838709675 0.1774193548387097 
0.17045454545454544 0.20454545454545456 0.3068181818181818 0.17045454545454544 0.14772727272727273 
0.14814814814814814 0.16049382716049382 0.3950617283950617 0.1728395061728395 0.12345679012345678 
0.1368421052631579 0.1368421052631579 0.17894736842105263 0.24210526315789474 0.30526315789473685 
0.16129032258064516 0.15053763440860216 0.21505376344086022 0.3655913978494624 0.10752688172043011 
0.16 0.22 0.17 0.32 0.13 
0.15328467153284672 0.12408759124087591 0.3795620437956204 0.12408759124087591 0.21897810218978103 
0.203125 0.171875 0.265625 0.203125 0.15625 
0.1728395061728395 0.16049382716049382 0.2716049382716049 0.20987654320987653 0.18518518518518517 
0.18032786885245902 0.16393442622950818 0.22950819672131148 0.21311475409836064 0.21311475409836064 
0.14563106796116504 0.1262135922330097 0.2524271844660194 0.1941747572815534 0.2815533980582524 
0.1559633027522936 0.11926605504587157 0.23853211009174313 0.30275229357798167 0.1834862385321101 
0.21666666666666667 0.2 0.16666666666666666 0.21666666666666667 0.2 
0.21875 0.15625 0.15625 0.28125 0.1875 
0.16470588235294117 0.21176470588235294 0.1411764705882353 0.27058823529411763 0.21176470588235294 
0.13761467889908258 0.1926605504587156 0.1743119266055046 0.28440366972477066 0.21100917431192662 
0.16417910447761194 0.19402985074626866 0.1791044776119403 0.2537313432835821 0.208955223880597 
0.20689655172413793 0.1896551724137931 0.1724137931034483 0.20689655172413793 0.22413793103448276 
0.1717171717171717 0.18181818181818182 0.15151515151515152 0.3434343434343434 0.15151515151515152 
0.16891891891891891 0.14864864864864866 0.17567567567567569 0.3108108108108108 0.19594594594594594 
0.17333333333333334 0.2 0.16 0.26666666666666666 0.2 
0.125 0.13125 0.13125 0.50625 0.10625 
0.19047619047619047 0.19047619047619047 0.1746031746031746 0.2698412698412698 0.1746031746031746 
0.31 0.23 0.14 0.14 0.18 
0.36065573770491804 0.26229508196721313 0.1557377049180328 0.11475409836065574 0.10655737704918032 
0.19230769230769232 0.19230769230769232 0.21153846153846154 0.21153846153846154 0.19230769230769232 
0.3333333333333333 0.19047619047619047 0.17857142857142858 0.14285714285714285 0.15476190476190477 
0.23076923076923078 0.1794871794871795 0.2692307692307692 0.16666666666666666 0.15384615384615385 
0.25925925925925924 0.19753086419753085 0.14814814814814814 0.20987654320987653 0.18518518518518517 
0.1686746987951807 0.1686746987951807 0.20481927710843373 0.21686746987951808 0.24096385542168675 
0.20967741935483872 0.1774193548387097 0.25806451612903225 0.1774193548387097 0.1774193548387097 
0.23170731707317074 0.1951219512195122 0.1951219512195122 0.15853658536585366 0.21951219512195122 
0.18333333333333332 0.18333333333333332 0.2 0.21666666666666667 0.21666666666666667 
0.18781725888324874 0.19289340101522842 0.2436548223350254 0.20304568527918782 0.17258883248730963 
0.13432835820895522 0.1417910447761194 0.26119402985074625 0.21641791044776118 0.2462686567164179 
0.14772727272727273 0.17045454545454544 0.1590909090909091 0.36363636363636365 0.1590909090909091 
0.10714285714285714 0.11607142857142858 0.15178571428571427 0.4375 0.1875 
0.13445378151260504 0.09243697478991597 0.12605042016806722 0.44537815126050423 0.20168067226890757 
0.08588957055214724 0.1411042944785276 0.08588957055214724 0.39263803680981596 0.294478527607362 
0.10309278350515463 0.13402061855670103 0.16494845360824742 0.4020618556701031 0.1958762886597938 
0.11827956989247312 0.16129032258064516 0.1827956989247312 0.34408602150537637 0.1935483870967742 
0.1650485436893204 0.10679611650485436 0.1650485436893204 0.4174757281553398 0.14563106796116504 
0.1724137931034483 0.16091954022988506 0.1839080459770115 0.3218390804597701 0.16091954022988506 
0.14432989690721648 0.13402061855670103 0.14432989690721648 0.422680412371134 0.15463917525773196 
0.18292682926829268 0.17073170731707318 0.14634146341463414 0.2804878048780488 0.21951219512195122 
0.14285714285714285 0.10204081632653061 0.16326530612244897 0.3469387755102041 0.24489795918367346 
0.13793103448275862 0.13793103448275862 0.14367816091954022 0.4540229885057471 0.12643678160919541 
0.15942028985507245 0.18840579710144928 0.14492753623188406 0.3188405797101449 0.18840579710144928 
0.12849162011173185 0.11173184357541899 0.1005586592178771 0.4972067039106145 0.16201117318435754 
0.13114754098360656 0.08743169398907104 0.15846994535519127 0.47540983606557374 0.14754098360655737 
0.08552631578947369 0.1118421052631579 0.11842105263157894 0.4934210526315789 0.19078947368421054 
0.10429447852760736 0.10429447852760736 0.1656441717791411 0.36809815950920244 0.25766871165644173 
0.1694915254237288 0.1694915254237288 0.1864406779661017 0.288135593220339 0.1864406779661017 
0.10526315789473684 0.13815789473684212 0.3881578947368421 0.19078947368421054 0.17763157894736842 
0.10909090909090909 0.22727272727272727 0.38181818181818183 0.13636363636363635 0.14545454545454545 
0.14035087719298245 0.21929824561403508 0.3157894736842105 0.19298245614035087 0.13157894736842105 
0.18 0.2 0.28 0.18 0.16 
0.17647058823529413 0.20588235294117646 0.22058823529411764 0.19117647058823528 0.20588235294117646 
0.14814814814814814 0.14814814814814814 0.20987654320987653 0.2222222222222222 0.2716049382716049 
0.14772727272727273 0.20454545454545456 0.1590909090909091 0.2159090909090909 0.2727272727272727 
0.19047619047619047 0.1746031746031746 0.2222222222222222 0.20634920634920634 0.20634920634920634 
0.13953488372093023 0.1744186046511628 0.23255813953488372 0.2441860465116279 0.20930232558139536 
0.15151515151515152 0.15151515151515152 0.2878787878787879 0.21212121212121213 0.19696969696969696 
0.1625 0.1625 0.25 0.1875 0.2375 
0.17543859649122806 0.19298245614035087 0.21052631578947367 0.19298245614035087 0.22807017543859648 
0.19014084507042253 0.09154929577464789 0.2676056338028169 0.176056338028169 0.2746478873239437 
0.1951219512195122 0.13414634146341464 0.2682926829268293 0.17073170731707318 0.23170731707317074 
0.1941747572815534 0.18446601941747573 0.2912621359223301 0.11650485436893204 0.21359223300970873 
0.10679611650485436 0.22330097087378642 0.3106796116504854 0.1650485436893204 0.1941747572815534 
0.15714285714285714 0.17142857142857143 0.21428571428571427 0.22857142857142856 0.22857142857142856 
0.14606741573033707 0.1348314606741573 0.16853932584269662 0.3595505617977528 0.19101123595505617 
0.16037735849056603 0.1509433962264151 0.16037735849056603 0.3584905660377358 0.16981132075471697 
0.14482758620689656 0.13793103448275862 0.11724137931034483 0.4482758620689655 0.15172413793103448 
0.12941176470588237 0.15294117647058825 0.17647058823529413 0.3764705882352941 0.16470588235294117 
0.109375 0.1328125 0.1015625 0.4296875 0.2265625 
0.1346153846153846 0.15384615384615385 0.21153846153846154 0.27884615384615385 0.22115384615384615 
0.16417910447761194 0.1791044776119403 0.19402985074626866 0.2537313432835821 0.208955223880597 
0.14925373134328357 0.16417910447761194 0.29850746268656714 0.22388059701492538 0.16417910447761194 
0.16393442622950818 0.2459016393442623 0.18032786885245902 0.21311475409836064 0.19672131147540983 
0.1527777777777778 0.1388888888888889 0.1388888888888889 0.3194444444444444 0.25 
0.11382113821138211 0.11382113821138211 0.13008130081300814 0.45528455284552843 0.18699186991869918 
0.04404145077720207 0.5958549222797928 0.16062176165803108 0.09585492227979274 0.10362694300518134 
0.203125 0.3984375 0.1328125 0.1484375 0.1171875 
0.23170731707317074 0.18292682926829268 0.18292682926829268 0.24390243902439024 0.15853658536585366 
0.22115384615384615 0.27884615384615385 0.18269230769230768 0.15384615384615385 0.16346153846153846 
0.1092896174863388 0.4972677595628415 0.14207650273224043 0.12021857923497267 0.13114754098360656 
0.15853658536585366 0.3048780487804878 0.17073170731707318 0.13414634146341464 0.23170731707317074 
0.16666666666666666 0.3717948717948718 0.16666666666666666 0.15384615384615385 0.14102564102564102 
0.1746031746031746 0.23809523809523808 0.19047619047619047 0.2222222222222222 0.1746031746031746 
0.12987012987012986 0.3116883116883117 0.2077922077922078 0.2077922077922078 0.14285714285714285 
0.15757575757575756 0.47878787878787876 0.18181818181818182 0.07272727272727272 0.10909090909090909 
0.11894273127753303 0.3832599118942731 0.2511013215859031 0.0881057268722467 0.15859030837004406 
0.14084507042253522 0.29577464788732394 0.18309859154929578 0.19718309859154928 0.18309859154929578 
0.17647058823529413 0.3382352941176471 0.16176470588235295 0.14705882352941177 0.17647058823529413 
0.14634146341463414 0.3902439024390244 0.15853658536585366 0.17073170731707318 0.13414634146341464 
0.1349206349206349 0.4444444444444444 0.18253968253968253 0.09523809523809523 0.14285714285714285 
0.20512820512820512 0.2948717948717949 0.1794871794871795 0.1794871794871795 0.14102564102564102 
0.14285714285714285 0.49107142857142855 0.14285714285714285 0.10714285714285714 0.11607142857142858 
0.16923076923076924 0.3076923076923077 0.2153846153846154 0.15384615384615385 0.15384615384615385 
0.1702127659574468 0.3723404255319149 0.1276595744680851 0.18085106382978725 0.14893617021276595 
0.12413793103448276 0.5172413793103449 0.10344827586206896 0.10344827586206896 0.15172413793103448 
0.1717171717171717 0.32323232323232326 0.1919191919191919 0.1414141414141414 0.1717171717171717 
0.18181818181818182 0.22077922077922077 0.18181818181818182 0.22077922077922077 0.19480519480519481 
0.09722222222222222 0.4722222222222222 0.1597222222222222 0.13194444444444445 0.1388888888888889 
0.18072289156626506 0.3253012048192771 0.14457831325301204 0.1927710843373494 0.1566265060240964 
0.14285714285714285 0.3516483516483517 0.21978021978021978 0.15384615384615385 0.13186813186813187 
0.1111111111111111 0.38461538461538464 0.23931623931623933 0.13675213675213677 0.1282051282051282 
0.15789473684210525 0.3684210526315789 0.16842105263157894 0.14736842105263157 0.15789473684210525 
0.13068181818181818 0.3465909090909091 0.1534090909090909 0.21022727272727273 0.1590909090909091 
0.1218274111675127 0.467005076142132 0.18781725888324874 0.1218274111675127 0.10152284263959391 
0.18032786885245902 0.26229508196721313 0.19672131147540983 0.18032786885245902 0.18032786885245902 
0.1319796954314721 0.4213197969543147 0.17258883248730963 0.16243654822335024 0.1116751269035533 
0.15476190476190477 0.30952380952380953 0.2261904761904762 0.14285714285714285 0.16666666666666666 
0.14285714285714285 0.3516483516483517 0.17582417582417584 0.14285714285714285 0.18681318681318682 
0.18309859154929578 0.352112676056338 0.15492957746478872 0.14084507042253522 0.16901408450704225 
0.16666666666666666 0.362962962962963 0.1962962962962963 0.08888888888888889 0.18518518518518517 
0.16129032258064516 0.3548387096774194 0.16129032258064516 0.16129032258064516 0.16129032258064516 
0.19801980198019803 0.13861386138613863 0.24752475247524752 0.18811881188118812 0.22772277227722773 
0.11904761904761904 0.12698412698412698 0.1746031746031746 0.1984126984126984 0.38095238095238093 
0.12777777777777777 0.16111111111111112 0.18333333333333332 0.25555555555555554 0.2722222222222222 
0.1917808219178082 0.136986301369863 0.1780821917808219 0.2602739726027397 0.2328767123287671 
0.22666666666666666 0.16 0.25333333333333335 0.18666666666666668 0.17333333333333334 
0.12318840579710146 0.14492753623188406 0.2391304347826087 0.18115942028985507 0.3115942028985507 
0.06343283582089553 0.09701492537313433 0.23507462686567165 0.208955223880597 0.39552238805970147 
0.14457831325301204 0.2289156626506024 0.1686746987951807 0.21686746987951808 0.24096385542168675 
0.12790697674418605 0.19767441860465115 0.2441860465116279 0.1511627906976744 0.27906976744186046 
0.13008130081300814 0.13008130081300814 0.17886178861788618 0.21951219512195122 0.34146341463414637 
0.1553398058252427 0.17475728155339806 0.17475728155339806 0.23300970873786409 0.2621359223300971 
0.1917808219178082 0.1643835616438356 0.2328767123287671 0.1780821917808219 0.2328767123287671 
0.19047619047619047 0.19047619047619047 0.2222222222222222 0.19047619047619047 0.20634920634920634 
0.08648648648648649 0.16216216216216217 0.3027027027027027 0.1783783783783784 0.2702702702702703 
0.11811023622047244 0.18110236220472442 0.14173228346456693 0.1732283464566929 0.3858267716535433 
0.11650485436893204 0.1262135922330097 0.2815533980582524 0.22330097087378642 0.2524271844660194 
0.14 0.12 0.18 0.19 0.37 
0.1527777777777778 0.1527777777777778 0.2638888888888889 0.18055555555555555 0.25 
0.16417910447761194 0.208955223880597 0.1791044776119403 0.1791044776119403 0.26865671641791045 
0.17333333333333334 0.14666666666666667 0.24 0.2 0.24 
0.15454545454545454 0.12727272727272726 0.19090909090909092 0.19090909090909092 0.33636363636363636 
0.18518518518518517 0.2037037037037037 0.2222222222222222 0.18518518518518517 0.2037037037037037 
0.21052631578947367 0.15789473684210525 0.2236842105263158 0.2236842105263158 0.18421052631578946 
0.19469026548672566 0.11504424778761062 0.17699115044247787 0.19469026548672566 0.3185840707964602 
0.19117647058823528 0.14705882352941177 0.14705882352941177 0.29411764705882354 0.22058823529411764 
0.18446601941747573 0.14563106796116504 0.33980582524271846 0.1650485436893204 0.1650485436893204 
0.10884353741496598 0.23129251700680273 0.3129251700680272 0.17687074829931973 0.17006802721088435 
0.15789473684210525 0.17105263157894737 0.3157894736842105 0.17105263157894737 0.18421052631578946 
0.10119047619047619 0.1488095238095238 0.4642857142857143 0.13095238095238096 0.15476190476190477 
0.1590909090909091 0.13636363636363635 0.2159090909090909 0.26136363636363635 0.22727272727272727 
0.17708333333333334 0.19791666666666666 0.23958333333333334 0.13541666666666666 0.25 
0.1509433962264151 0.16981132075471697 0.2169811320754717 0.1792452830188679 0.2830188679245283 
0.14556962025316456 0.16455696202531644 0.33544303797468356 0.12025316455696203 0.23417721518987342 
0.22857142857142856 0.2 0.17142857142857143 0.1619047619047619 0.23809523809523808 
0.18518518518518517 0.18518518518518517 0.2222222222222222 0.18518518518518517 0.2222222222222222 
0.21666666666666667 0.16666666666666666 0.2 0.2 0.21666666666666667 
0.1896551724137931 0.1724137931034483 0.20689655172413793 0.1724137931034483 0.25862068965517243 
0.11827956989247312 0.15053763440860216 0.3225806451612903 0.16129032258064516 0.24731182795698925 
0.208955223880597 0.14925373134328357 0.23880597014925373 0.16417910447761194 0.23880597014925373 
0.19117647058823528 0.17647058823529413 0.20588235294117646 0.17647058823529413 0.25 
0.11026615969581749 0.09125475285171103 0.18631178707224336 0.4752851711026616 0.13688212927756654 
0.15853658536585366 0.1951219512195122 0.17073170731707318 0.2926829268292683 0.18292682926829268 
0.15 0.1 0.125 0.39166666666666666 0.23333333333333334 
0.16666666666666666 0.25 0.2 0.18333333333333332 0.2 
0.16923076923076924 0.2 0.23076923076923078 0.2 0.2 
0.16901408450704225 0.2676056338028169 0.2112676056338028 0.18309859154929578 0.16901408450704225 
0.13592233009708737 0.2524271844660194 0.30097087378640774 0.14563106796116504 0.1650485436893204 
0.15584415584415584 0.22077922077922077 0.2857142857142857 0.16883116883116883 0.16883116883116883 
0.10497237569060773 0.16574585635359115 0.18232044198895028 0.15469613259668508 0.39226519337016574 
0.16428571428571428 0.08571428571428572 0.17142857142857143 0.2571428571428571 0.32142857142857145 
0.0851063829787234 0.15602836879432624 0.11347517730496454 0.22695035460992907 0.41843971631205673 
0.09523809523809523 0.14814814814814814 0.09523809523809523 0.18518518518518517 0.47619047619047616 
0.0966183574879227 0.07246376811594203 0.12560386473429952 0.14009661835748793 0.5652173913043478 
0.10747663551401869 0.1588785046728972 0.1542056074766355 0.21962616822429906 0.3598130841121495 
0.1111111111111111 0.1895424836601307 0.1503267973856209 0.09803921568627451 0.45098039215686275 
0.13385826771653545 0.15748031496062992 0.15748031496062992 0.18110236220472442 0.3700787401574803 
0.08695652173913043 0.10559006211180125 0.14285714285714285 0.19875776397515527 0.4658385093167702 
0.12389380530973451 0.17699115044247787 0.10619469026548672 0.17699115044247787 0.415929203539823 
0.15384615384615385 0.15384615384615385 0.17307692307692307 0.14423076923076922 0.375 
0.1625 0.175 0.1625 0.1875 0.3125 
0.08609271523178808 0.09933774834437085 0.2052980132450331 0.2052980132450331 0.40397350993377484 
0.1694915254237288 0.1864406779661017 0.1864406779661017 0.2033898305084746 0.2542372881355932 
0.13636363636363635 0.125 0.19318181818181818 0.18181818181818182 0.36363636363636365 
0.13186813186813187 0.15384615384615385 0.14285714285714285 0.14285714285714285 0.42857142857142855 
0.18181818181818182 0.18181818181818182 0.2 0.18181818181818182 0.2545454545454545 
0.10344827586206896 0.1939655172413793 0.08620689655172414 0.14655172413793102 0.4698275862068966 
0.14285714285714285 0.14285714285714285 0.1978021978021978 0.1978021978021978 0.31868131868131866 
0.14084507042253522 0.18309859154929578 0.16901408450704225 0.22535211267605634 0.28169014084507044 
0.17105263157894737 0.15789473684210525 0.19736842105263158 0.17105263157894737 0.3026315789473684 
0.1518987341772152 0.16455696202531644 0.20253164556962025 0.16455696202531644 0.31645569620253167 
0.15714285714285714 0.15714285714285714 0.17142857142857143 0.2 0.3142857142857143 
0.11392405063291139 0.12025316455696203 0.189873417721519 0.17721518987341772 0.3987341772151899 
0.11827956989247312 0.1827956989247312 0.16129032258064516 0.13978494623655913 0.3978494623655914 
0.10204081632653061 0.17346938775510204 0.19387755102040816 0.15306122448979592 0.37755102040816324 
0.14606741573033707 0.1797752808988764 0.14606741573033707 0.12359550561797752 0.4044943820224719 
0.13861386138613863 0.12871287128712872 0.1485148514851485 0.1485148514851485 0.43564356435643564 
0.18181818181818182 0.18181818181818182 0.14285714285714285 0.16883116883116883 0.3246753246753247 
0.15702479338842976 0.12396694214876033 0.1322314049586777 0.18181818181818182 0.4049586776859504 
0.13414634146341464 0.13414634146341464 0.24390243902439024 0.14634146341463414 0.34146341463414637 
0.21428571428571427 0.17857142857142858 0.19642857142857142 0.19642857142857142 0.21428571428571427 
0.13513513513513514 0.14864864864864866 0.20270270270270271 0.22972972972972974 0.28378378378378377 
0.19607843137254902 0.19607843137254902 0.19607843137254902 0.19607843137254902 0.21568627450980393 
0.13178294573643412 0.15503875968992248 0.17054263565891473 0.14728682170542637 0.3953488372093023 
0.1504424778761062 0.12389380530973451 0.12389380530973451 0.22123893805309736 0.3805309734513274 
0.1414141414141414 0.12121212121212122 0.15151515151515152 0.18181818181818182 0.40404040404040403 
0.18333333333333332 0.18333333333333332 0.10833333333333334 0.16666666666666666 0.35833333333333334 
0.1 0.08461538461538462 0.13076923076923078 0.13076923076923078 0.5538461538461539 
0.16304347826086957 0.14130434782608695 0.15217391304347827 0.1956521739130435 0.34782608695652173 
0.14285714285714285 0.12087912087912088 0.17582417582417584 0.21978021978021978 0.34065934065934067 
0.1746031746031746 0.1746031746031746 0.15873015873015872 0.19047619047619047 0.30158730158730157 
0.14166666666666666 0.1 0.125 0.15 0.48333333333333334 
0.18333333333333332 0.16666666666666666 0.21666666666666667 0.16666666666666666 0.26666666666666666 
0.1506849315068493 0.1643835616438356 0.2191780821917808 0.1780821917808219 0.2876712328767123 
0.17543859649122806 0.19298245614035087 0.22807017543859648 0.19298245614035087 0.21052631578947367 
0.11956521739130435 0.11956521739130435 0.21739130434782608 0.18478260869565216 0.358695652173913 
0.1103448275862069 0.1310344827586207 0.19310344827586207 0.31724137931034485 0.2482758620689655 
0.15714285714285714 0.15714285714285714 0.22857142857142856 0.17142857142857143 0.2857142857142857 
0.19444444444444445 0.1527777777777778 0.19444444444444445 0.16666666666666666 0.2916666666666667 
0.18032786885245902 0.18032786885245902 0.21311475409836064 0.19672131147540983 0.22950819672131148 
0.16101694915254236 0.09322033898305085 0.1440677966101695 0.15254237288135594 0.4491525423728814 
0.11818181818181818 0.13636363636363635 0.16363636363636364 0.2545454545454545 0.32727272727272727 
0.12195121951219512 0.17073170731707318 0.15853658536585366 0.32926829268292684 0.21951219512195122 
0.14285714285714285 0.21978021978021978 0.24175824175824176 0.26373626373626374 0.13186813186813187 
0.2077922077922078 0.16883116883116883 0.19480519480519481 0.24675324675324675 0.18181818181818182 
0.2 0.2 0.15384615384615385 0.26153846153846155 0.18461538461538463 
0.15 0.1625 0.225 0.275 0.1875 
0.10606060606060606 0.15151515151515152 0.18181818181818182 0.3560606060606061 0.20454545454545456 
0.07174887892376682 0.2062780269058296 0.18385650224215247 0.4080717488789238 0.13004484304932734 
0.16923076923076924 0.18461538461538463 0.18461538461538463 0.23076923076923078 0.23076923076923078 
0.15625 0.21875 0.171875 0.234375 0.21875 
0.10344827586206896 0.1310344827586207 0.2 0.3103448275862069 0.25517241379310346 
0.14685314685314685 0.18181818181818182 0.1048951048951049 0.2727272727272727 0.2937062937062937 
0.11363636363636363 0.2159090909090909 0.25 0.22727272727272727 0.19318181818181818 
0.15384615384615385 0.16666666666666666 0.3076923076923077 0.1794871794871795 0.19230769230769232 
0.15151515151515152 0.11616161616161616 0.23232323232323232 0.22727272727272727 0.2727272727272727 
0.1694915254237288 0.1694915254237288 0.1694915254237288 0.2542372881355932 0.23728813559322035 
0.1368421052631579 0.2736842105263158 0.2631578947368421 0.14736842105263157 0.17894736842105263 
0.08571428571428572 0.4380952380952381 0.11904761904761904 0.21904761904761905 0.1380952380952381 
0.1357142857142857 0.3142857142857143 0.16428571428571428 0.1357142857142857 0.25 
0.0958904109589041 0.3561643835616438 0.1917808219178082 0.21232876712328766 0.14383561643835616 
0.15853658536585366 0.3048780487804878 0.2073170731707317 0.15853658536585366 0.17073170731707318 
0.15789473684210525 0.21052631578947367 0.23157894736842105 0.22105263157894736 0.17894736842105263 
0.11965811965811966 0.3418803418803419 0.20512820512820512 0.20512820512820512 0.1282051282051282 
0.1297709923664122 0.48854961832061067 0.1297709923664122 0.13740458015267176 0.11450381679389313 
0.1506849315068493 0.2191780821917808 0.2054794520547945 0.1780821917808219 0.2465753424657534 
0.14423076923076922 0.27884615384615385 0.125 0.18269230769230768 0.2692307692307692 
0.09448818897637795 0.28346456692913385 0.2125984251968504 0.1889763779527559 0.2204724409448819 
0.1724137931034483 0.1724137931034483 0.20689655172413793 0.22413793103448276 0.22413793103448276 
0.18584070796460178 0.3008849557522124 0.13274336283185842 0.1592920353982301 0.22123893805309736 
0.125 0.3409090909090909 0.18181818181818182 0.17045454545454544 0.18181818181818182 
0.1393939393939394 0.44242424242424244 0.19393939393939394 0.13333333333333333 0.09090909090909091 
0.14606741573033707 0.2808988764044944 0.21348314606741572 0.16853932584269662 0.19101123595505617 
0.11875 0.41875 0.15625 0.1625 0.14375 
0.16666666666666666 0.26666666666666666 0.18333333333333332 0.16666666666666666 0.21666666666666667 
0.20588235294117646 0.27941176470588236 0.19117647058823528 0.16176470588235295 0.16176470588235295 
0.14285714285714285 0.11764705882352941 0.35294117647058826 0.21008403361344538 0.17647058823529413 
0.19642857142857142 0.17857142857142858 0.19642857142857142 0.21428571428571427 0.21428571428571427 
0.17142857142857143 0.2571428571428571 0.21428571428571427 0.18571428571428572 0.17142857142857143 
0.1686746987951807 0.27710843373493976 0.25301204819277107 0.14457831325301204 0.1566265060240964 
0.171875 0.171875 0.21875 0.171875 0.265625 
0.13768115942028986 0.427536231884058 0.08695652173913043 0.18115942028985507 0.16666666666666666 
0.14705882352941177 0.30392156862745096 0.2647058823529412 0.12745098039215685 0.1568627450980392 
0.15294117647058825 0.29411764705882354 0.2235294117647059 0.12941176470588237 0.2 
0.12612612612612611 0.3153153153153153 0.18018018018018017 0.15315315315315314 0.22522522522522523 
0.14953271028037382 0.4205607476635514 0.16822429906542055 0.1308411214953271 0.1308411214953271 
0.14615384615384616 0.4153846153846154 0.13846153846153847 0.15384615384615385 0.14615384615384616 
0.13414634146341464 0.2926829268292683 0.2926829268292683 0.12195121951219512 0.15853658536585366 
0.102803738317757 0.514018691588785 0.1588785046728972 0.13551401869158877 0.08878504672897196 
0.1360544217687075 0.47619047619047616 0.12244897959183673 0.1292517006802721 0.1360544217687075 
0.13 0.34 0.22 0.12 0.19 
0.07281553398058252 0.5 0.15048543689320387 0.17475728155339806 0.10194174757281553 
0.06043956043956044 0.510989010989011 0.14835164835164835 0.13736263736263737 0.14285714285714285 
0.1506849315068493 0.2876712328767123 0.1917808219178082 0.1780821917808219 0.1917808219178082 
0.10778443113772455 0.4311377245508982 0.19161676646706588 0.11976047904191617 0.1497005988023952 
0.1111111111111111 0.2878787878787879 0.18686868686868688 0.2222222222222222 0.1919191919191919 
0.13924050632911392 0.22784810126582278 0.27848101265822783 0.1518987341772152 0.20253164556962025 
0.13333333333333333 0.2222222222222222 0.26666666666666666 0.16666666666666666 0.2111111111111111 
0.1643835616438356 0.273972602739726 0.1780821917808219 0.2054794520547945 0.1780821917808219 
0.16756756756756758 0.42162162162162165 0.12432432432432433 0.1837837837837838 0.10270270270270271 
0.1951219512195122 0.3048780487804878 0.13414634146341464 0.2073170731707317 0.15853658536585366 
0.15151515151515152 0.30303030303030304 0.19696969696969696 0.18181818181818182 0.16666666666666666 
0.10655737704918032 0.5 0.15163934426229508 0.1557377049180328 0.0860655737704918 
0.1527777777777778 0.25 0.2222222222222222 0.19444444444444445 0.18055555555555555 
0.12295081967213115 0.4098360655737705 0.12295081967213115 0.20491803278688525 0.13934426229508196 
0.16279069767441862 0.29069767441860467 0.1511627906976744 0.20930232558139536 0.18604651162790697 
0.16666666666666666 0.3055555555555556 0.18055555555555555 0.20833333333333334 0.1388888888888889 
0.10457516339869281 0.33986928104575165 0.20261437908496732 0.1437908496732026 0.20915032679738563 
0.20754716981132076 0.18867924528301888 0.18867924528301888 0.20754716981132076 0.20754716981132076 
0.21428571428571427 0.20238095238095238 0.23809523809523808 0.17857142857142858 0.16666666666666666 
0.1774193548387097 0.24193548387096775 0.1935483870967742 0.1774193548387097 0.20967741935483872 
0.15833333333333333 0.325 0.18333333333333332 0.14166666666666666 0.19166666666666668 
0.13675213675213677 0.2905982905982906 0.17094017094017094 0.20512820512820512 0.19658119658119658 
0.21518987341772153 0.22784810126582278 0.17721518987341772 0.17721518987341772 0.20253164556962025 
0.14583333333333334 0.375 0.16666666666666666 0.1875 0.125 
0.15126050420168066 0.2184873949579832 0.19327731092436976 0.226890756302521 0.21008403361344538 
0.19230769230769232 0.21153846153846154 0.19230769230769232 0.19230769230769232 0.21153846153846154 
0.13513513513513514 0.21621621621621623 0.25675675675675674 0.21621621621621623 0.17567567567567569 
0.16049382716049382 0.345679012345679 0.16049382716049382 0.13580246913580246 0.19753086419753085 
0.13636363636363635 0.25 0.20454545454545456 0.13636363636363635 0.2727272727272727 
0.22916666666666666 0.28125 0.14583333333333334 0.21875 0.125 
0.14285714285714285 0.373015873015873 0.19047619047619047 0.15873015873015872 0.1349206349206349 
0.13744075829383887 0.3459715639810427 0.11848341232227488 0.14218009478672985 0.2559241706161137 
0.1794871794871795 0.3076923076923077 0.21794871794871795 0.16666666666666666 0.1282051282051282 
0.14678899082568808 0.3853211009174312 0.1651376146788991 0.14678899082568808 0.1559633027522936 
0.15384615384615385 0.2967032967032967 0.14285714285714285 0.12087912087912088 0.2857142857142857 
0.1 0.4586206896551724 0.12758620689655173 0.1103448275862069 0.20344827586206896 
0.14136125654450263 0.17277486910994763 0.27225130890052357 0.2617801047120419 0.1518324607329843 
0.20634920634920634 0.15873015873015872 0.19047619047619047 0.2222222222222222 0.2222222222222222 
0.1889763779527559 0.1732283464566929 0.2283464566929134 0.2125984251968504 0.1968503937007874 
0.14285714285714285 0.17142857142857143 0.21904761904761905 0.21904761904761905 0.24761904761904763 
0.14814814814814814 0.11851851851851852 0.14074074074074075 0.32592592592592595 0.26666666666666666 
0.1337579617834395 0.10191082802547771 0.3057324840764331 0.20382165605095542 0.25477707006369427 
0.14482758620689656 0.16551724137931034 0.20689655172413793 0.25517241379310346 0.22758620689655173 
0.2857142857142857 0.15714285714285714 0.18571428571428572 0.17142857142857143 0.2 
0.2814814814814815 0.1925925925925926 0.15555555555555556 0.2 0.17037037037037037 
0.23943661971830985 0.23943661971830985 0.16901408450704225 0.19718309859154928 0.15492957746478872 
0.28125 0.203125 0.15625 0.171875 0.1875 
0.3118279569892473 0.15053763440860216 0.1935483870967742 0.15053763440860216 0.1935483870967742 
0.3076923076923077 0.16666666666666666 0.15384615384615385 0.16666666666666666 0.20512820512820512 
0.3125 0.1875 0.18125 0.19375 0.125 
0.22727272727272727 0.22727272727272727 0.19696969696969696 0.18181818181818182 0.16666666666666666 
0.2857142857142857 0.21904761904761905 0.19047619047619047 0.17142857142857143 0.13333333333333333 
0.3113207547169811 0.14150943396226415 0.19811320754716982 0.16981132075471697 0.1792452830188679 
0.32673267326732675 0.24752475247524752 0.15841584158415842 0.12871287128712872 0.13861386138613863 
0.24050632911392406 0.16455696202531644 0.22784810126582278 0.189873417721519 0.17721518987341772 
0.33980582524271846 0.17475728155339806 0.17475728155339806 0.1650485436893204 0.14563106796116504 
0.35507246376811596 0.12318840579710146 0.13768115942028986 0.18115942028985507 0.2028985507246377 
0.3684210526315789 0.14473684210526316 0.17105263157894737 0.14473684210526316 0.17105263157894737 
0.3333333333333333 0.17777777777777778 0.14444444444444443 0.15555555555555556 0.18888888888888888 
0.37168141592920356 0.20353982300884957 0.17699115044247787 0.11504424778761062 0.13274336283185842 
0.25 0.22916666666666666 0.16666666666666666 0.20833333333333334 0.14583333333333334 
0.24358974358974358 0.21794871794871795 0.19230769230769232 0.15384615384615385 0.19230769230769232 
0.21428571428571427 0.22857142857142856 0.24285714285714285 0.15714285714285714 0.15714285714285714 
0.2804878048780488 0.2073170731707317 0.18292682926829268 0.1951219512195122 0.13414634146341464 
0.3157894736842105 0.17105263157894737 0.17105263157894737 0.14473684210526316 0.19736842105263158 
0.2826086956521739 0.2608695652173913 0.16304347826086957 0.14130434782608695 0.15217391304347827 
0.2976190476190476 0.16666666666666666 0.17857142857142858 0.17857142857142858 0.17857142857142858 
0.3076923076923077 0.17582417582417584 0.1978021978021978 0.13186813186813187 0.18681318681318682 
0.45871559633027525 0.14678899082568808 0.11926605504587157 0.13761467889908258 0.13761467889908258 
0.23214285714285715 0.21428571428571427 0.19642857142857142 0.17857142857142858 0.17857142857142858 
0.2786885245901639 0.19672131147540983 0.16393442622950818 0.16393442622950818 0.19672131147540983 
0.24561403508771928 0.17543859649122806 0.19298245614035087 0.21052631578947367 0.17543859649122806 
