0.24087591240875914 0.2773722627737226 0.10948905109489052 0.19708029197080293 0.17518248175182483 
0.19318181818181818 0.20454545454545456 0.14772727272727273 0.22727272727272727 0.22727272727272727 
0.29955947136563876 0.14096916299559473 0.1145374449339207 0.29955947136563876 0.14537444933920704 
0.18803418803418803 0.1794871794871795 0.11965811965811966 0.36752136752136755 0.1452991452991453 
0.4126984126984127 0.1349206349206349 0.16666666666666666 0.15079365079365079 0.1349206349206349 
0.2777777777777778 0.1388888888888889 0.16666666666666666 0.20833333333333334 0.20833333333333334 
0.33112582781456956 0.16556291390728478 0.12582781456953643 0.17880794701986755 0.1986754966887417 
0.24675324675324675 0.16883116883116883 0.14285714285714285 0.15584415584415584 0.2857142857142857 
0.30344827586206896 0.1310344827586207 0.1793103448275862 0.2413793103448276 0.14482758620689656 
0.3161290322580645 0.09032258064516129 0.09032258064516129 0.2645161290322581 0.23870967741935484 
0.18032786885245902 0.2459016393442623 0.16393442622950818 0.21311475409836064 0.19672131147540983 
0.25925925925925924 0.21296296296296297 0.14814814814814814 0.18518518518518517 0.19444444444444445 
0.203125 0.1875 0.1875 0.171875 0.25 
0.39869281045751637 0.11764705882352941 0.0915032679738562 0.26143790849673204 0.13071895424836602 
0.19696969696969696 0.19696969696969696 0.22727272727272727 0.16666666666666666 0.21212121212121213 
0.296 0.152 0.152 0.192 0.208 
0.20689655172413793 0.20689655172413793 0.1724137931034483 0.22413793103448276 0.1896551724137931 
0.22666666666666666 0.21333333333333335 0.18666666666666668 0.21333333333333335 0.16 
0.39864864864864863 0.14189189189189189 0.10135135135135136 0.18243243243243243 0.17567567567567569 
0.26666666666666666 0.14444444444444443 0.14444444444444443 0.24444444444444444 0.2 
0.34782608695652173 0.15942028985507245 0.15942028985507245 0.15942028985507245 0.17391304347826086 
0.29 0.12 0.14 0.2 0.25 
0.30851063829787234 0.19148936170212766 0.10638297872340426 0.19148936170212766 0.20212765957446807 
0.3488372093023256 0.13953488372093023 0.1511627906976744 0.19767441860465115 0.16279069767441862 
0.3626373626373626 0.17582417582417584 0.10989010989010989 0.13186813186813187 0.21978021978021978 
0.2872340425531915 0.14893617021276595 0.19148936170212766 0.2127659574468085 0.1595744680851064 
0.2727272727272727 0.17272727272727273 0.14545454545454545 0.18181818181818182 0.22727272727272727 
0.5435897435897435 0.11282051282051282 0.09743589743589744 0.11794871794871795 0.1282051282051282 
0.1619047619047619 0.23809523809523808 0.1619047619047619 0.22857142857142856 0.20952380952380953 
0.35877862595419846 0.16030534351145037 0.1297709923664122 0.21374045801526717 0.13740458015267176 
0.31683168316831684 0.18811881188118812 0.13861386138613863 0.1782178217821782 0.1782178217821782 
0.27710843373493976 0.1566265060240964 0.14457831325301204 0.20481927710843373 0.21686746987951808 
0.17105263157894737 0.19736842105263158 0.23684210526315788 0.21052631578947367 0.18421052631578946 
0.20454545454545456 0.20454545454545456 0.13636363636363635 0.23863636363636365 0.2159090909090909 
0.1643835616438356 0.2602739726027397 0.1780821917808219 0.2465753424657534 0.1506849315068493 
0.20634920634920634 0.2222222222222222 0.15873015873015872 0.1746031746031746 0.23809523809523808 
0.16853932584269662 0.19101123595505617 0.12359550561797752 0.3707865168539326 0.14606741573033707 
0.1875 0.175 0.125 0.325 0.1875 
0.2671232876712329 0.1095890410958904 0.07534246575342465 0.3493150684931507 0.19863013698630136 
0.19230769230769232 0.20192307692307693 0.125 0.3173076923076923 0.16346153846153846 
0.13178294573643412 0.23255813953488372 0.09302325581395349 0.35658914728682173 0.18604651162790697 
0.19863013698630136 0.14383561643835616 0.08904109589041095 0.3561643835616438 0.21232876712328766 
0.16494845360824742 0.17525773195876287 0.14432989690721648 0.32989690721649484 0.18556701030927836 
0.17391304347826086 0.2826086956521739 0.13043478260869565 0.2717391304347826 0.14130434782608695 
0.22727272727272727 0.22727272727272727 0.14545454545454545 0.2818181818181818 0.11818181818181818 
0.46411483253588515 0.09569377990430622 0.0861244019138756 0.23444976076555024 0.11961722488038277 
0.23958333333333334 0.17708333333333334 0.19791666666666666 0.22916666666666666 0.15625 
0.2579185520361991 0.11764705882352941 0.07239819004524888 0.3936651583710407 0.1583710407239819 
0.205607476635514 0.14953271028037382 0.09345794392523364 0.3177570093457944 0.2336448598130841 
0.2323943661971831 0.1619718309859155 0.11267605633802817 0.31690140845070425 0.176056338028169 
0.20353982300884957 0.20353982300884957 0.12389380530973451 0.2831858407079646 0.18584070796460178 
0.1958762886597938 0.13402061855670103 0.14432989690721648 0.2268041237113402 0.29896907216494845 
0.1927710843373494 0.14457831325301204 0.18072289156626506 0.24096385542168675 0.24096385542168675 
0.16666666666666666 0.14444444444444443 0.12222222222222222 0.4 0.16666666666666666 
0.2 0.18181818181818182 0.18181818181818182 0.2 0.23636363636363636 
0.14893617021276595 0.19148936170212766 0.1276595744680851 0.2765957446808511 0.2553191489361702 
0.19327731092436976 0.17647058823529413 0.1092436974789916 0.35294117647058826 0.16806722689075632 
0.2638888888888889 0.2222222222222222 0.1111111111111111 0.2847222222222222 0.11805555555555555 
0.25203252032520324 0.10569105691056911 0.0975609756097561 0.2764227642276423 0.2682926829268293 
0.2 0.1565217391304348 0.1565217391304348 0.3391304347826087 0.14782608695652175 
0.19117647058823528 0.16176470588235295 0.14705882352941177 0.25 0.25 
0.18032786885245902 0.18032786885245902 0.19672131147540983 0.22950819672131148 0.21311475409836064 
0.18666666666666668 0.16 0.24 0.21333333333333335 0.2 
0.171875 0.15625 0.171875 0.3125 0.1875 
0.2 0.11428571428571428 0.13333333333333333 0.37142857142857144 0.18095238095238095 
0.1743119266055046 0.1559633027522936 0.11926605504587157 0.3486238532110092 0.2018348623853211 
0.20481927710843373 0.1927710843373494 0.12048192771084337 0.27710843373493976 0.20481927710843373 
0.23376623376623376 0.16883116883116883 0.16883116883116883 0.24675324675324675 0.18181818181818182 
0.19318181818181818 0.14772727272727273 0.18181818181818182 0.2840909090909091 0.19318181818181818 
0.2 0.18571428571428572 0.18571428571428572 0.2571428571428571 0.17142857142857143 
0.20224719101123595 0.1348314606741573 0.14606741573033707 0.3258426966292135 0.19101123595505617 
0.19047619047619047 0.2222222222222222 0.19047619047619047 0.2222222222222222 0.1746031746031746 
0.23333333333333334 0.12222222222222222 0.14444444444444443 0.32222222222222224 0.17777777777777778 
0.2222222222222222 0.1717171717171717 0.10101010101010101 0.3434343434343434 0.16161616161616163 
0.1276595744680851 0.13829787234042554 0.1276595744680851 0.40425531914893614 0.20212765957446807 
0.42063492063492064 0.10317460317460317 0.1349206349206349 0.21428571428571427 0.12698412698412698 
0.14102564102564102 0.1794871794871795 0.1794871794871795 0.19230769230769232 0.3076923076923077 
0.25 0.19318181818181818 0.2159090909090909 0.13636363636363635 0.20454545454545456 
0.20833333333333334 0.19444444444444445 0.22916666666666666 0.13194444444444445 0.2361111111111111 
0.1978021978021978 0.12087912087912088 0.1978021978021978 0.14285714285714285 0.34065934065934067 
0.2714285714285714 0.15714285714285714 0.16428571428571428 0.1357142857142857 0.2714285714285714 
0.336996336996337 0.18681318681318682 0.2087912087912088 0.08791208791208792 0.1794871794871795 
0.23958333333333334 0.15625 0.17708333333333334 0.14583333333333334 0.28125 
0.18253968253968253 0.11904761904761904 0.3888888888888889 0.10317460317460317 0.20634920634920634 
0.15584415584415584 0.2077922077922078 0.15584415584415584 0.15584415584415584 0.3246753246753247 
0.14084507042253522 0.2112676056338028 0.19718309859154928 0.18309859154929578 0.2676056338028169 
0.12222222222222222 0.24444444444444444 0.26666666666666666 0.2111111111111111 0.15555555555555556 
0.20717131474103587 0.08366533864541832 0.3107569721115538 0.1752988047808765 0.22310756972111553 
0.232 0.156 0.328 0.156 0.128 
0.19718309859154928 0.2112676056338028 0.22535211267605634 0.14084507042253522 0.22535211267605634 
0.226890756302521 0.17647058823529413 0.2773109243697479 0.10084033613445378 0.2184873949579832 
0.175 0.175 0.2 0.15 0.3 
0.19298245614035087 0.17543859649122806 0.19298245614035087 0.17543859649122806 0.2631578947368421 
0.21052631578947367 0.15789473684210525 0.34210526315789475 0.14912280701754385 0.14035087719298245 
0.1568627450980392 0.18627450980392157 0.2549019607843137 0.22549019607843138 0.17647058823529413 
0.1206896551724138 0.1810344827586207 0.23275862068965517 0.2413793103448276 0.22413793103448276 
0.1807909604519774 0.12429378531073447 0.2937853107344633 0.1977401129943503 0.2033898305084746 
0.2047244094488189 0.14173228346456693 0.3700787401574803 0.13385826771653545 0.14960629921259844 
0.13793103448275862 0.12643678160919541 0.22988505747126436 0.16091954022988506 0.3448275862068966 
0.11242603550295859 0.1834319526627219 0.33727810650887574 0.13609467455621302 0.23076923076923078 
0.18018018018018017 0.17117117117117117 0.3963963963963964 0.13513513513513514 0.11711711711711711 
0.171875 0.171875 0.203125 0.25 0.203125 
0.15714285714285714 0.15714285714285714 0.2571428571428571 0.2 0.22857142857142856 
0.22535211267605634 0.16901408450704225 0.2535211267605634 0.15492957746478872 0.19718309859154928 
0.21774193548387097 0.1774193548387097 0.27419354838709675 0.1532258064516129 0.1774193548387097 
0.17391304347826086 0.16304347826086957 0.30434782608695654 0.1956521739130435 0.16304347826086957 
0.3076923076923077 0.13286713286713286 0.2517482517482518 0.15384615384615385 0.15384615384615385 
0.24675324675324675 0.16883116883116883 0.24675324675324675 0.15584415584415584 0.18181818181818182 
0.1827956989247312 0.15053763440860216 0.22580645161290322 0.15053763440860216 0.2903225806451613 
0.128 0.168 0.296 0.176 0.232 
0.18518518518518517 0.18518518518518517 0.2037037037037037 0.2037037037037037 0.2222222222222222 
0.1415929203539823 0.12389380530973451 0.26548672566371684 0.26548672566371684 0.20353982300884957 
0.19047619047619047 0.19047619047619047 0.1746031746031746 0.15873015873015872 0.2857142857142857 
0.16831683168316833 0.22772277227722773 0.3069306930693069 0.10891089108910891 0.18811881188118812 
0.2645161290322581 0.1032258064516129 0.32903225806451614 0.11612903225806452 0.1870967741935484 
0.18478260869565216 0.22826086956521738 0.31521739130434784 0.11956521739130435 0.15217391304347827 
0.12121212121212122 0.1919191919191919 0.2727272727272727 0.21212121212121213 0.20202020202020202 
0.15853658536585366 0.17073170731707318 0.23170731707317074 0.18292682926829268 0.25609756097560976 
0.2247191011235955 0.1348314606741573 0.23595505617977527 0.1797752808988764 0.2247191011235955 
0.20481927710843373 0.1566265060240964 0.25301204819277107 0.13253012048192772 0.25301204819277107 
0.21008403361344538 0.15126050420168066 0.23529411764705882 0.12605042016806722 0.2773109243697479 
0.168 0.192 0.32 0.2 0.12 
0.18181818181818182 0.12121212121212122 0.3838383838383838 0.13131313131313133 0.18181818181818182 
0.171875 0.171875 0.234375 0.1875 0.234375 
0.16129032258064516 0.16129032258064516 0.25806451612903225 0.16129032258064516 0.25806451612903225 
0.17857142857142858 0.17857142857142858 0.21428571428571427 0.19642857142857142 0.23214285714285715 
0.25274725274725274 0.16483516483516483 0.21978021978021978 0.1978021978021978 0.16483516483516483 
0.1794871794871795 0.18803418803418803 0.29914529914529914 0.1282051282051282 0.20512820512820512 
0.1559633027522936 0.14678899082568808 0.29357798165137616 0.2018348623853211 0.2018348623853211 
0.14130434782608695 0.16304347826086957 0.2391304347826087 0.22826086956521738 0.22826086956521738 
0.1791044776119403 0.1791044776119403 0.22388059701492538 0.19402985074626866 0.22388059701492538 
0.16161616161616163 0.13131313131313133 0.26262626262626265 0.1111111111111111 0.3333333333333333 
0.1322314049586777 0.14049586776859505 0.21487603305785125 0.14049586776859505 0.371900826446281 
0.15873015873015872 0.2698412698412698 0.1746031746031746 0.1746031746031746 0.2222222222222222 
0.22093023255813954 0.16279069767441862 0.18604651162790697 0.2558139534883721 0.1744186046511628 
0.21904761904761905 0.14285714285714285 0.2571428571428571 0.1523809523809524 0.22857142857142856 
0.35570469798657717 0.12751677852348994 0.2684563758389262 0.11409395973154363 0.1342281879194631 
0.2074074074074074 0.15555555555555556 0.31851851851851853 0.0962962962962963 0.2222222222222222 
0.18840579710144928 0.15942028985507245 0.2608695652173913 0.15942028985507245 0.2318840579710145 
0.189873417721519 0.17721518987341772 0.26582278481012656 0.13924050632911392 0.22784810126582278 
0.20238095238095238 0.21428571428571427 0.20238095238095238 0.20238095238095238 0.17857142857142858 
0.16666666666666666 0.16666666666666666 0.23333333333333334 0.18333333333333332 0.25 
0.16535433070866143 0.18110236220472442 0.28346456692913385 0.14173228346456693 0.2283464566929134 
0.13333333333333333 0.13333333333333333 0.4083333333333333 0.14166666666666666 0.18333333333333332 
0.22727272727272727 0.14545454545454545 0.2545454545454545 0.14545454545454545 0.22727272727272727 
0.23943661971830985 0.15492957746478872 0.16901408450704225 0.2112676056338028 0.22535211267605634 
0.15151515151515152 0.13131313131313133 0.3838383838383838 0.15151515151515152 0.18181818181818182 
0.21081081081081082 0.21621621621621623 0.1783783783783784 0.2 0.1945945945945946 
0.1791044776119403 0.16417910447761194 0.30597014925373134 0.1417910447761194 0.208955223880597 
0.16 0.14 0.28 0.17 0.25 
0.13675213675213677 0.1623931623931624 0.36752136752136755 0.13675213675213677 0.19658119658119658 
0.19444444444444445 0.1527777777777778 0.20833333333333334 0.1388888888888889 0.3055555555555556 
0.21978021978021978 0.14285714285714285 0.2087912087912088 0.23076923076923078 0.1978021978021978 
0.15384615384615385 0.18681318681318682 0.2967032967032967 0.15384615384615385 0.2087912087912088 
0.1566265060240964 0.26506024096385544 0.24096385542168675 0.1927710843373494 0.14457831325301204 
0.2028985507246377 0.17391304347826086 0.2463768115942029 0.18840579710144928 0.18840579710144928 
0.225 0.11875 0.4 0.10625 0.15 
0.17123287671232876 0.15753424657534246 0.3287671232876712 0.1643835616438356 0.1780821917808219 
0.2698412698412698 0.15079365079365079 0.2222222222222222 0.1111111111111111 0.24603174603174602 
0.2542372881355932 0.1440677966101695 0.3050847457627119 0.1440677966101695 0.15254237288135594 
0.1286549707602339 0.18128654970760233 0.45614035087719296 0.09941520467836257 0.13450292397660818 
0.16417910447761194 0.1791044776119403 0.1791044776119403 0.16417910447761194 0.31343283582089554 
0.2619047619047619 0.1746031746031746 0.25396825396825395 0.1984126984126984 0.1111111111111111 
0.1724137931034483 0.1896551724137931 0.22413793103448276 0.22413793103448276 0.1896551724137931 
0.13559322033898305 0.2542372881355932 0.3050847457627119 0.11864406779661017 0.1864406779661017 
0.216 0.16 0.208 0.152 0.264 
0.16129032258064516 0.1935483870967742 0.20967741935483872 0.20967741935483872 0.22580645161290322 
0.203125 0.15625 0.21875 0.203125 0.21875 
0.15789473684210525 0.14736842105263157 0.37894736842105264 0.14736842105263157 0.16842105263157894 
0.1875 0.15625 0.265625 0.15625 0.234375 
0.16017316017316016 0.2510822510822511 0.33766233766233766 0.12121212121212122 0.12987012987012986 
0.2037914691943128 0.0947867298578199 0.41232227488151657 0.18009478672985782 0.10900473933649289 
0.19230769230769232 0.15384615384615385 0.28205128205128205 0.14102564102564102 0.23076923076923078 
0.2054794520547945 0.1095890410958904 0.3082191780821918 0.1917808219178082 0.18493150684931506 
0.19402985074626866 0.14925373134328357 0.2835820895522388 0.14925373134328357 0.22388059701492538 
0.1956521739130435 0.11956521739130435 0.30434782608695654 0.13043478260869565 0.25 
0.18181818181818182 0.2 0.23636363636363636 0.18181818181818182 0.2 
0.26666666666666666 0.15555555555555556 0.2222222222222222 0.16666666666666666 0.18888888888888888 
0.1206896551724138 0.1206896551724138 0.367816091954023 0.21839080459770116 0.1724137931034483 
0.2032520325203252 0.17886178861788618 0.22764227642276422 0.18699186991869918 0.2032520325203252 
0.19736842105263158 0.14473684210526316 0.19736842105263158 0.2631578947368421 0.19736842105263158 
0.17647058823529413 0.2 0.18823529411764706 0.16470588235294117 0.27058823529411763 
0.1511627906976744 0.1511627906976744 0.32558139534883723 0.16279069767441862 0.20930232558139536 
0.16666666666666666 0.16666666666666666 0.2833333333333333 0.2 0.18333333333333332 
0.21374045801526717 0.11450381679389313 0.33587786259541985 0.16030534351145037 0.17557251908396945 
0.15584415584415584 0.23376623376623376 0.2077922077922078 0.18181818181818182 0.22077922077922077 
0.17721518987341772 0.22784810126582278 0.21518987341772153 0.13924050632911392 0.24050632911392406 
0.22330097087378642 0.1262135922330097 0.14563106796116504 0.17475728155339806 0.3300970873786408 
0.18888888888888888 0.16666666666666666 0.3333333333333333 0.15555555555555556 0.15555555555555556 
0.18556701030927836 0.16494845360824742 0.2268041237113402 0.17525773195876287 0.24742268041237114 
0.19480519480519481 0.22077922077922077 0.2077922077922078 0.16883116883116883 0.2077922077922078 
0.13580246913580246 0.16049382716049382 0.30864197530864196 0.18518518518518517 0.20987654320987653 
0.14925373134328357 0.208955223880597 0.14925373134328357 0.1791044776119403 0.31343283582089554 
0.20833333333333334 0.15625 0.23958333333333334 0.23958333333333334 0.15625 
0.22794117647058823 0.1323529411764706 0.19852941176470587 0.22058823529411764 0.22058823529411764 
0.19753086419753085 0.13580246913580246 0.18518518518518517 0.24691358024691357 0.2345679012345679 
0.24545454545454545 0.18181818181818182 0.17272727272727273 0.16363636363636364 0.23636363636363636 
0.1791044776119403 0.1791044776119403 0.23880597014925373 0.1791044776119403 0.22388059701492538 
0.1794871794871795 0.14102564102564102 0.20512820512820512 0.15384615384615385 0.32051282051282054 
0.252212389380531 0.12831858407079647 0.3893805309734513 0.084070796460177 0.14601769911504425 
0.17857142857142858 0.13095238095238096 0.39285714285714285 0.13095238095238096 0.16666666666666666 
0.2 0.17142857142857143 0.22857142857142856 0.17142857142857143 0.22857142857142856 
0.18604651162790697 0.18604651162790697 0.29069767441860467 0.19767441860465115 0.13953488372093023 
0.2 0.18181818181818182 0.23636363636363636 0.2 0.18181818181818182 
0.25595238095238093 0.07738095238095238 0.2857142857142857 0.13095238095238096 0.25 
0.19047619047619047 0.20238095238095238 0.20238095238095238 0.14285714285714285 0.2619047619047619 
0.11627906976744186 0.2558139534883721 0.31007751937984496 0.14728682170542637 0.17054263565891473 
0.19230769230769232 0.1794871794871795 0.358974358974359 0.16025641025641027 0.10897435897435898 
0.18421052631578946 0.15789473684210525 0.21052631578947367 0.17105263157894737 0.27631578947368424 
0.16883116883116883 0.15584415584415584 0.2727272727272727 0.18181818181818182 0.22077922077922077 
0.226890756302521 0.15966386554621848 0.2184873949579832 0.19327731092436976 0.20168067226890757 
0.17647058823529413 0.19117647058823528 0.25 0.20588235294117646 0.17647058823529413 
0.1746031746031746 0.1746031746031746 0.25396825396825395 0.15873015873015872 0.23809523809523808 
0.19101123595505617 0.1797752808988764 0.20224719101123595 0.1797752808988764 0.24719101123595505 
0.21212121212121213 0.12878787878787878 0.2196969696969697 0.17424242424242425 0.26515151515151514 
0.14018691588785046 0.21495327102803738 0.308411214953271 0.18691588785046728 0.14953271028037382 
0.2072072072072072 0.17117117117117117 0.22522522522522523 0.16216216216216217 0.23423423423423423 
0.17543859649122806 0.19298245614035087 0.22807017543859648 0.17543859649122806 0.22807017543859648 
0.16470588235294117 0.16470588235294117 0.24705882352941178 0.17647058823529413 0.24705882352941178 
0.15503875968992248 0.17829457364341086 0.2558139534883721 0.17054263565891473 0.24031007751937986 
0.16216216216216217 0.16216216216216217 0.2972972972972973 0.14864864864864866 0.22972972972972974 
0.1694915254237288 0.2033898305084746 0.22033898305084745 0.1864406779661017 0.22033898305084745 
0.1511627906976744 0.26744186046511625 0.1744186046511628 0.13953488372093023 0.26744186046511625 
0.22093023255813954 0.20930232558139536 0.18604651162790697 0.19767441860465115 0.18604651162790697 
0.16793893129770993 0.21374045801526717 0.32061068702290074 0.16030534351145037 0.13740458015267176 
0.19230769230769232 0.19230769230769232 0.21153846153846154 0.19230769230769232 0.21153846153846154 
0.22093023255813954 0.20930232558139536 0.2441860465116279 0.1744186046511628 0.1511627906976744 
0.18333333333333332 0.18333333333333332 0.2 0.2 0.23333333333333334 
0.14473684210526316 0.14473684210526316 0.25 0.17105263157894737 0.2894736842105263 
0.18518518518518517 0.19753086419753085 0.20987654320987653 0.1728395061728395 0.2345679012345679 
0.16551724137931034 0.18620689655172415 0.32413793103448274 0.16551724137931034 0.15862068965517243 
0.1927710843373494 0.20481927710843373 0.24096385542168675 0.18072289156626506 0.18072289156626506 
0.14018691588785046 0.1308411214953271 0.2616822429906542 0.18691588785046728 0.2803738317757009 
0.18478260869565216 0.17391304347826086 0.2826086956521739 0.18478260869565216 0.17391304347826086 
0.16883116883116883 0.16883116883116883 0.2857142857142857 0.16883116883116883 0.2077922077922078 
0.17391304347826086 0.15942028985507245 0.2028985507246377 0.14492753623188406 0.3188405797101449 
0.22929936305732485 0.12101910828025478 0.18471337579617833 0.12101910828025478 0.34394904458598724 
0.17647058823529413 0.16806722689075632 0.2857142857142857 0.14285714285714285 0.226890756302521 
0.17391304347826086 0.15942028985507245 0.2028985507246377 0.15942028985507245 0.30434782608695654 
0.14423076923076922 0.125 0.4423076923076923 0.11538461538461539 0.17307692307692307 
0.20987654320987653 0.1728395061728395 0.24691358024691357 0.1728395061728395 0.19753086419753085 
0.23469387755102042 0.14285714285714285 0.16326530612244897 0.17346938775510204 0.2857142857142857 
0.16901408450704225 0.19718309859154928 0.19718309859154928 0.19718309859154928 0.23943661971830985 
0.3020833333333333 0.11979166666666667 0.17708333333333334 0.14583333333333334 0.2552083333333333 
0.17886178861788618 0.0975609756097561 0.3821138211382114 0.13821138211382114 0.2032520325203252 
0.15476190476190477 0.15476190476190477 0.20238095238095238 0.2619047619047619 0.2261904761904762 
0.1651376146788991 0.1743119266055046 0.3302752293577982 0.1743119266055046 0.1559633027522936 
0.19008264462809918 0.1652892561983471 0.18181818181818182 0.18181818181818182 0.2809917355371901 
0.16279069767441862 0.11627906976744186 0.37790697674418605 0.19186046511627908 0.1511627906976744 
0.19402985074626866 0.23880597014925373 0.19402985074626866 0.208955223880597 0.16417910447761194 
0.18867924528301888 0.18867924528301888 0.18867924528301888 0.20754716981132076 0.22641509433962265 
0.2653061224489796 0.12244897959183673 0.20408163265306123 0.24489795918367346 0.16326530612244897 
0.19117647058823528 0.20588235294117646 0.22058823529411764 0.17647058823529413 0.20588235294117646 
0.1864406779661017 0.1864406779661017 0.23728813559322035 0.1864406779661017 0.2033898305084746 
0.2073170731707317 0.17073170731707318 0.3048780487804878 0.0975609756097561 0.21951219512195122 
0.2079207920792079 0.13861386138613863 0.22772277227722773 0.12871287128712872 0.297029702970297 
0.17543859649122806 0.21052631578947367 0.17543859649122806 0.19298245614035087 0.24561403508771928 
0.16666666666666666 0.16666666666666666 0.2962962962962963 0.18518518518518517 0.18518518518518517 
0.2627118644067797 0.11864406779661017 0.2796610169491525 0.13559322033898305 0.2033898305084746 
0.216 0.12 0.24 0.232 0.192 
0.1693548387096774 0.08870967741935484 0.3467741935483871 0.1532258064516129 0.24193548387096775 
0.2108843537414966 0.20408163265306123 0.3129251700680272 0.11564625850340136 0.1564625850340136 
0.18518518518518517 0.2222222222222222 0.1728395061728395 0.19753086419753085 0.2222222222222222 
0.08933002481389578 0.12655086848635236 0.5558312655086849 0.1315136476426799 0.0967741935483871 
0.15037593984962405 0.12781954887218044 0.2631578947368421 0.18045112781954886 0.2781954887218045 
0.171875 0.15625 0.203125 0.234375 0.234375 
0.21739130434782608 0.19254658385093168 0.2422360248447205 0.10559006211180125 0.2422360248447205 
0.25396825396825395 0.1746031746031746 0.2222222222222222 0.1746031746031746 0.1746031746031746 
0.18181818181818182 0.18181818181818182 0.19696969696969696 0.24242424242424243 0.19696969696969696 
0.2 0.2 0.2 0.18461538461538463 0.2153846153846154 
0.35714285714285715 0.13392857142857142 0.17857142857142858 0.16964285714285715 0.16071428571428573 
0.15384615384615385 0.20512820512820512 0.2692307692307692 0.14102564102564102 0.23076923076923078 
0.16417910447761194 0.16417910447761194 0.2537313432835821 0.19402985074626866 0.22388059701492538 
0.11267605633802817 0.16901408450704225 0.44366197183098594 0.13380281690140844 0.14084507042253522 
0.21052631578947367 0.14912280701754385 0.23684210526315788 0.14912280701754385 0.2543859649122807 
0.21897810218978103 0.16058394160583941 0.2846715328467153 0.11678832116788321 0.21897810218978103 
0.1694915254237288 0.1864406779661017 0.22033898305084745 0.1694915254237288 0.2542372881355932 
0.17307692307692307 0.18269230769230768 0.34615384615384615 0.15384615384615385 0.14423076923076922 
0.21374045801526717 0.1297709923664122 0.21374045801526717 0.12213740458015267 0.32061068702290074 
0.14285714285714285 0.21428571428571427 0.2619047619047619 0.14285714285714285 0.23809523809523808 
0.16470588235294117 0.1411764705882353 0.27058823529411763 0.17647058823529413 0.24705882352941178 
0.13385826771653545 0.16535433070866143 0.33858267716535434 0.1968503937007874 0.16535433070866143 
0.14814814814814814 0.11851851851851852 0.34814814814814815 0.25925925925925924 0.1259259259259259 
0.2 0.15384615384615385 0.24615384615384617 0.18461538461538463 0.2153846153846154 
0.2546583850931677 0.13043478260869565 0.38819875776397517 0.10559006211180125 0.12111801242236025 
0.21774193548387097 0.13709677419354838 0.2903225806451613 0.11290322580645161 0.24193548387096775 
0.1326530612244898 0.16326530612244897 0.2755102040816326 0.16326530612244897 0.2653061224489796 
0.2391304347826087 0.13768115942028986 0.2826086956521739 0.13768115942028986 0.2028985507246377 
0.18518518518518517 0.18518518518518517 0.2037037037037037 0.2037037037037037 0.2222222222222222 
0.11926605504587157 0.1651376146788991 0.22935779816513763 0.1559633027522936 0.3302752293577982 
0.21875 0.1875 0.203125 0.171875 0.21875 
0.1885245901639344 0.09016393442622951 0.26229508196721313 0.18032786885245902 0.2786885245901639 
0.20987654320987653 0.19753086419753085 0.2839506172839506 0.16049382716049382 0.14814814814814814 
0.4009009009009009 0.15315315315315314 0.17117117117117117 0.11261261261261261 0.16216216216216217 
0.24390243902439024 0.18292682926829268 0.2682926829268293 0.13414634146341464 0.17073170731707318 
0.30666666666666664 0.14666666666666667 0.18666666666666668 0.18666666666666668 0.17333333333333334 
0.1717171717171717 0.16161616161616163 0.3434343434343434 0.15151515151515152 0.1717171717171717 
0.18181818181818182 0.19696969696969696 0.25757575757575757 0.15151515151515152 0.21212121212121213 
0.1527777777777778 0.1736111111111111 0.3333333333333333 0.08333333333333333 0.2569444444444444 
0.1791044776119403 0.15671641791044777 0.35074626865671643 0.1791044776119403 0.13432835820895522 
0.1297709923664122 0.13740458015267176 0.33587786259541985 0.12213740458015267 0.2748091603053435 
0.1388888888888889 0.1388888888888889 0.3148148148148148 0.1574074074074074 0.25 
0.13471502590673576 0.17616580310880828 0.29015544041450775 0.12435233160621761 0.27461139896373055 
0.13829787234042554 0.18085106382978725 0.2872340425531915 0.1595744680851064 0.23404255319148937 
0.136986301369863 0.1506849315068493 0.2328767123287671 0.2465753424657534 0.2328767123287671 
0.14457831325301204 0.1686746987951807 0.25301204819277107 0.13253012048192772 0.30120481927710846 
0.20161290322580644 0.1774193548387097 0.22580645161290322 0.1774193548387097 0.21774193548387097 
0.14285714285714285 0.19480519480519481 0.24675324675324675 0.18181818181818182 0.23376623376623376 
0.11377245508982035 0.17365269461077845 0.3532934131736527 0.17964071856287425 0.17964071856287425 
0.1875 0.1875 0.171875 0.171875 0.28125 
0.17142857142857143 0.17142857142857143 0.3238095238095238 0.1619047619047619 0.17142857142857143 
0.19444444444444445 0.1388888888888889 0.2222222222222222 0.18055555555555555 0.2638888888888889 
0.2 0.21666666666666667 0.20833333333333334 0.125 0.25 
0.21839080459770116 0.1724137931034483 0.22988505747126436 0.16091954022988506 0.21839080459770116 
0.28205128205128205 0.1794871794871795 0.11965811965811966 0.27350427350427353 0.1452991452991453 
0.1951219512195122 0.15853658536585366 0.15853658536585366 0.2804878048780488 0.2073170731707317 
0.21359223300970873 0.1941747572815534 0.13592233009708737 0.32038834951456313 0.13592233009708737 
0.19767441860465115 0.13953488372093023 0.1511627906976744 0.3372093023255814 0.1744186046511628 
0.46 0.1 0.13 0.13 0.18 
0.19298245614035087 0.17543859649122806 0.17543859649122806 0.2631578947368421 0.19298245614035087 
0.15789473684210525 0.15789473684210525 0.11578947368421053 0.37894736842105264 0.18947368421052632 
0.11475409836065574 0.4098360655737705 0.12295081967213115 0.19672131147540983 0.1557377049180328 
0.13978494623655913 0.17204301075268819 0.12903225806451613 0.40860215053763443 0.15053763440860216 
0.1917808219178082 0.2054794520547945 0.1780821917808219 0.273972602739726 0.1506849315068493 
0.1724137931034483 0.1896551724137931 0.1724137931034483 0.22413793103448276 0.2413793103448276 
0.18947368421052632 0.15789473684210525 0.12631578947368421 0.3263157894736842 0.2 
0.17894736842105263 0.17894736842105263 0.12631578947368421 0.3263157894736842 0.18947368421052632 
0.2721518987341772 0.11392405063291139 0.10126582278481013 0.33544303797468356 0.17721518987341772 
0.19327731092436976 0.12605042016806722 0.11764705882352941 0.3697478991596639 0.19327731092436976 
0.25906735751295334 0.13989637305699482 0.08290155440414508 0.3471502590673575 0.17098445595854922 
0.16393442622950818 0.19672131147540983 0.19672131147540983 0.22950819672131148 0.21311475409836064 
0.21341463414634146 0.1402439024390244 0.0975609756097561 0.34146341463414637 0.2073170731707317 
0.11818181818181818 0.15454545454545454 0.11818181818181818 0.4090909090909091 0.2 
0.3668639053254438 0.14201183431952663 0.1301775147928994 0.20710059171597633 0.15384615384615385 
0.16326530612244897 0.20408163265306123 0.16326530612244897 0.29591836734693877 0.17346938775510204 
0.1590909090909091 0.20454545454545456 0.3181818181818182 0.18181818181818182 0.13636363636363635 
0.25510204081632654 0.23469387755102042 0.14285714285714285 0.19387755102040816 0.17346938775510204 
0.2 0.1411764705882353 0.12941176470588237 0.3411764705882353 0.18823529411764706 
0.24324324324324326 0.1554054054054054 0.10810810810810811 0.3108108108108108 0.18243243243243243 
0.20512820512820512 0.16666666666666666 0.1794871794871795 0.2948717948717949 0.15384615384615385 
0.21153846153846154 0.21153846153846154 0.19230769230769232 0.19230769230769232 0.19230769230769232 
0.25 0.16666666666666666 0.16666666666666666 0.21666666666666667 0.2 
0.15384615384615385 0.1794871794871795 0.15384615384615385 0.3076923076923077 0.20512820512820512 
0.18627450980392157 0.1568627450980392 0.19607843137254902 0.2549019607843137 0.20588235294117646 
0.19117647058823528 0.17647058823529413 0.14705882352941177 0.25 0.23529411764705882 
0.2191780821917808 0.2465753424657534 0.1780821917808219 0.1506849315068493 0.2054794520547945 
0.19607843137254902 0.19607843137254902 0.19607843137254902 0.19607843137254902 0.21568627450980393 
0.17105263157894737 0.18421052631578946 0.3157894736842105 0.17105263157894737 0.15789473684210525 
0.31896551724137934 0.11206896551724138 0.14655172413793102 0.21551724137931033 0.20689655172413793 
0.16923076923076924 0.16923076923076924 0.15384615384615385 0.3230769230769231 0.18461538461538463 
0.24675324675324675 0.14285714285714285 0.19480519480519481 0.24675324675324675 0.16883116883116883 
0.23529411764705882 0.16176470588235295 0.14705882352941177 0.22058823529411764 0.23529411764705882 
0.2638888888888889 0.1527777777777778 0.1527777777777778 0.25 0.18055555555555555 
0.14864864864864866 0.22972972972972974 0.22972972972972974 0.20270270270270271 0.1891891891891892 
0.27450980392156865 0.13725490196078433 0.17647058823529413 0.20915032679738563 0.20261437908496732 
0.17204301075268819 0.25806451612903225 0.17204301075268819 0.16129032258064516 0.23655913978494625 
0.17333333333333334 0.17333333333333334 0.2 0.24 0.21333333333333335 
0.21311475409836064 0.1557377049180328 0.13114754098360656 0.19672131147540983 0.30327868852459017 
0.14705882352941177 0.17647058823529413 0.22058823529411764 0.20588235294117646 0.25 
0.16901408450704225 0.15492957746478872 0.16901408450704225 0.23943661971830985 0.2676056338028169 
0.1566265060240964 0.1927710843373494 0.1566265060240964 0.27710843373493976 0.21686746987951808 
0.19672131147540983 0.16393442622950818 0.18032786885245902 0.2459016393442623 0.21311475409836064 
0.1780821917808219 0.2602739726027397 0.136986301369863 0.2191780821917808 0.2054794520547945 
0.1590909090909091 0.18181818181818182 0.13636363636363635 0.3181818181818182 0.20454545454545456 
0.16923076923076924 0.18461538461538463 0.16923076923076924 0.27692307692307694 0.2 
0.20512820512820512 0.21367521367521367 0.1623931623931624 0.2564102564102564 0.1623931623931624 
0.2222222222222222 0.19444444444444445 0.16666666666666666 0.24305555555555555 0.1736111111111111 
0.1743119266055046 0.11467889908256881 0.09174311926605505 0.4724770642201835 0.14678899082568808 
0.2554347826086957 0.16304347826086957 0.11956521739130435 0.30434782608695654 0.15760869565217392 
0.22065727699530516 0.11737089201877934 0.11737089201877934 0.4413145539906103 0.10328638497652583 
0.20187793427230047 0.29107981220657275 0.08450704225352113 0.3427230046948357 0.07981220657276995 
0.17857142857142858 0.19642857142857142 0.21428571428571427 0.19642857142857142 0.21428571428571427 
0.2976190476190476 0.15476190476190477 0.19047619047619047 0.15476190476190477 0.20238095238095238 
0.22077922077922077 0.2077922077922078 0.22077922077922077 0.12987012987012986 0.22077922077922077 
0.17475728155339806 0.14563106796116504 0.10679611650485436 0.3786407766990291 0.1941747572815534 
0.20930232558139536 0.09302325581395349 0.11627906976744186 0.2868217054263566 0.29457364341085274 
0.16 0.2 0.18666666666666668 0.26666666666666666 0.18666666666666668 
0.16666666666666666 0.14285714285714285 0.16666666666666666 0.2261904761904762 0.2976190476190476 
0.16455696202531644 0.21518987341772153 0.189873417721519 0.25316455696202533 0.17721518987341772 
0.1935483870967742 0.13978494623655913 0.11827956989247312 0.3333333333333333 0.21505376344086022 
0.17582417582417584 0.21978021978021978 0.21978021978021978 0.1978021978021978 0.18681318681318682 
0.2 0.184 0.16 0.288 0.168 
0.20833333333333334 0.1527777777777778 0.1527777777777778 0.2777777777777778 0.20833333333333334 
0.21678321678321677 0.21678321678321677 0.13986013986013987 0.18181818181818182 0.24475524475524477 
0.15873015873015872 0.15873015873015872 0.1746031746031746 0.2698412698412698 0.23809523809523808 
0.15053763440860216 0.16129032258064516 0.13978494623655913 0.3763440860215054 0.17204301075268819 
0.17857142857142858 0.21428571428571427 0.17857142857142858 0.19642857142857142 0.23214285714285715 
0.14492753623188406 0.17391304347826086 0.14492753623188406 0.2898550724637681 0.2463768115942029 
0.2631578947368421 0.18421052631578946 0.13157894736842105 0.23684210526315788 0.18421052631578946 
0.27049180327868855 0.1885245901639344 0.09016393442622951 0.29508196721311475 0.1557377049180328 
0.14035087719298245 0.17543859649122806 0.14912280701754385 0.39473684210526316 0.14035087719298245 
0.17721518987341772 0.24050632911392406 0.21518987341772153 0.20253164556962025 0.16455696202531644 
0.2328767123287671 0.1780821917808219 0.1506849315068493 0.2465753424657534 0.1917808219178082 
0.16216216216216217 0.22972972972972974 0.14864864864864866 0.2702702702702703 0.1891891891891892 
0.17 0.21 0.13 0.33 0.16 
0.15789473684210525 0.21052631578947367 0.18421052631578946 0.21052631578947367 0.23684210526315788 
0.17796610169491525 0.19491525423728814 0.1440677966101695 0.2627118644067797 0.22033898305084745 
0.4134078212290503 0.10614525139664804 0.10614525139664804 0.22346368715083798 0.15083798882681565 
0.23880597014925373 0.12686567164179105 0.12686567164179105 0.35074626865671643 0.15671641791044777 
0.1958762886597938 0.20618556701030927 0.10309278350515463 0.31958762886597936 0.17525773195876287 
0.22580645161290322 0.15053763440860216 0.11827956989247312 0.26881720430107525 0.23655913978494625 
0.22105263157894736 0.16842105263157894 0.23157894736842105 0.18947368421052632 0.18947368421052632 
0.18421052631578946 0.4692982456140351 0.10964912280701754 0.10526315789473684 0.13157894736842105 
0.14482758620689656 0.3931034482758621 0.12413793103448276 0.15862068965517243 0.1793103448275862 
0.21686746987951808 0.24096385542168675 0.18072289156626506 0.14457831325301204 0.21686746987951808 
0.16666666666666666 0.22727272727272727 0.18181818181818182 0.21212121212121213 0.21212121212121213 
0.13636363636363635 0.4090909090909091 0.15454545454545454 0.15454545454545454 0.14545454545454545 
0.17073170731707318 0.23170731707317074 0.13414634146341464 0.2073170731707317 0.25609756097560976 
0.3 0.26666666666666666 0.14 0.14666666666666667 0.14666666666666667 
0.2072072072072072 0.27927927927927926 0.10810810810810811 0.13513513513513514 0.2702702702702703 
0.18435754189944134 0.3575418994413408 0.16201117318435754 0.11731843575418995 0.1787709497206704 
0.1322314049586777 0.3884297520661157 0.14049586776859505 0.1652892561983471 0.17355371900826447 
0.1875 0.296875 0.15625 0.1875 0.171875 
0.17142857142857143 0.2571428571428571 0.2 0.17142857142857143 0.2 
0.1728395061728395 0.2222222222222222 0.24691358024691357 0.1728395061728395 0.18518518518518517 
0.1935483870967742 0.25806451612903225 0.16129032258064516 0.1935483870967742 0.1935483870967742 
0.1527777777777778 0.2916666666666667 0.16666666666666666 0.1388888888888889 0.25 
0.19855595667870035 0.33212996389891697 0.05776173285198556 0.08664259927797834 0.3249097472924188 
0.23809523809523808 0.22857142857142856 0.13333333333333333 0.17142857142857143 0.22857142857142856 
0.13253012048192772 0.3614457831325301 0.1566265060240964 0.18072289156626506 0.1686746987951807 
0.15853658536585366 0.2804878048780488 0.15853658536585366 0.18292682926829268 0.21951219512195122 
0.16666666666666666 0.3333333333333333 0.13541666666666666 0.13541666666666666 0.22916666666666666 
0.1559633027522936 0.3669724770642202 0.1834862385321101 0.1559633027522936 0.13761467889908258 
0.19642857142857142 0.19642857142857142 0.17857142857142858 0.17857142857142858 0.25 
0.12643678160919541 0.3333333333333333 0.12643678160919541 0.16091954022988506 0.25287356321839083 
0.15476190476190477 0.32142857142857145 0.14285714285714285 0.19047619047619047 0.19047619047619047 
0.2 0.29 0.21 0.11 0.19 
0.21428571428571427 0.34523809523809523 0.14285714285714285 0.11904761904761904 0.17857142857142858 
