0.3103448275862069 0.12643678160919541 0.16091954022988506 0.1724137931034483 0.22988505747126436 
0.3384615384615385 0.11538461538461539 0.19230769230769232 0.15384615384615385 0.2 
0.3486238532110092 0.14678899082568808 0.12844036697247707 0.1834862385321101 0.1926605504587156 
0.3080357142857143 0.09375 0.125 0.11160714285714286 0.36160714285714285 
0.2604166666666667 0.13541666666666666 0.16666666666666666 0.15625 0.28125 
0.2676056338028169 0.18309859154929578 0.16901408450704225 0.15492957746478872 0.22535211267605634 
0.3565217391304348 0.13043478260869565 0.16521739130434782 0.13043478260869565 0.21739130434782608 
0.3116883116883117 0.19480519480519481 0.16883116883116883 0.15584415584415584 0.16883116883116883 
0.25675675675675674 0.16216216216216217 0.28378378378378377 0.13513513513513514 0.16216216216216217 
0.1864406779661017 0.1864406779661017 0.2033898305084746 0.2033898305084746 0.22033898305084745 
0.22807017543859648 0.19298245614035087 0.17543859649122806 0.19298245614035087 0.21052631578947367 
0.23943661971830985 0.15492957746478872 0.2535211267605634 0.14084507042253522 0.2112676056338028 
0.23595505617977527 0.30337078651685395 0.1797752808988764 0.15730337078651685 0.12359550561797752 
0.26785714285714285 0.16964285714285715 0.13392857142857142 0.21428571428571427 0.21428571428571427 
0.40601503759398494 0.12781954887218044 0.13533834586466165 0.19548872180451127 0.13533834586466165 
0.3072289156626506 0.1927710843373494 0.13253012048192772 0.20481927710843373 0.16265060240963855 
0.30303030303030304 0.19696969696969696 0.15151515151515152 0.15151515151515152 0.19696969696969696 
0.21212121212121213 0.22727272727272727 0.16666666666666666 0.21212121212121213 0.18181818181818182 
0.25 0.1111111111111111 0.18333333333333332 0.1388888888888889 0.31666666666666665 
0.3333333333333333 0.13541666666666666 0.11458333333333333 0.15625 0.2604166666666667 
0.36363636363636365 0.18181818181818182 0.125 0.1590909090909091 0.17045454545454544 
0.391304347826087 0.14130434782608695 0.14130434782608695 0.13043478260869565 0.1956521739130435 
0.27011494252873564 0.1781609195402299 0.1206896551724138 0.21839080459770116 0.21264367816091953 
0.47580645161290325 0.13709677419354838 0.0967741935483871 0.12903225806451613 0.16129032258064516 
0.41924398625429554 0.14432989690721648 0.12027491408934708 0.12714776632302405 0.18900343642611683 
0.2222222222222222 0.1388888888888889 0.20833333333333334 0.1388888888888889 0.2916666666666667 
0.2830188679245283 0.14150943396226415 0.12264150943396226 0.16981132075471697 0.2830188679245283 
0.35772357723577236 0.14634146341463414 0.13821138211382114 0.13821138211382114 0.21951219512195122 
0.25 0.18181818181818182 0.1590909090909091 0.2159090909090909 0.19318181818181818 
0.2727272727272727 0.19696969696969696 0.16666666666666666 0.16666666666666666 0.19696969696969696 
0.2413793103448276 0.20689655172413793 0.1896551724137931 0.1724137931034483 0.1896551724137931 
0.24731182795698925 0.1827956989247312 0.17204301075268819 0.1935483870967742 0.20430107526881722 
0.3684210526315789 0.125 0.1513157894736842 0.125 0.23026315789473684 
0.379746835443038 0.10126582278481013 0.20253164556962025 0.11392405063291139 0.20253164556962025 
0.3 0.1625 0.2125 0.175 0.15 
0.34814814814814815 0.2074074074074074 0.14074074074074075 0.11851851851851852 0.18518518518518517 
0.30952380952380953 0.15476190476190477 0.17857142857142858 0.15476190476190477 0.20238095238095238 
0.3333333333333333 0.16666666666666666 0.1527777777777778 0.16666666666666666 0.18055555555555555 
0.3516483516483517 0.18681318681318682 0.10989010989010989 0.13186813186813187 0.21978021978021978 
0.16883116883116883 0.3116883116883117 0.15584415584415584 0.18181818181818182 0.18181818181818182 
0.1891891891891892 0.25675675675675674 0.20270270270270271 0.1891891891891892 0.16216216216216217 
0.17105263157894737 0.18421052631578946 0.18421052631578946 0.18421052631578946 0.27631578947368424 
0.21428571428571427 0.23214285714285715 0.19642857142857142 0.17857142857142858 0.17857142857142858 
0.2 0.21428571428571427 0.17142857142857143 0.22857142857142856 0.18571428571428572 
0.11458333333333333 0.34375 0.17708333333333334 0.20833333333333334 0.15625 
0.1935483870967742 0.3064516129032258 0.16129032258064516 0.16129032258064516 0.1774193548387097 
0.2 0.22105263157894736 0.23157894736842105 0.16842105263157894 0.17894736842105263 
0.25316455696202533 0.16455696202531644 0.189873417721519 0.1518987341772152 0.24050632911392406 
0.203125 0.171875 0.25 0.1875 0.1875 
0.325 0.11666666666666667 0.16666666666666666 0.16666666666666666 0.225 
0.27927927927927926 0.10810810810810811 0.18018018018018017 0.15315315315315314 0.27927927927927926 
0.3150684931506849 0.136986301369863 0.1643835616438356 0.1780821917808219 0.2054794520547945 
0.14634146341463414 0.24390243902439024 0.21951219512195122 0.1951219512195122 0.1951219512195122 
0.12389380530973451 0.39823008849557523 0.1504424778761062 0.1415929203539823 0.18584070796460178 
0.14018691588785046 0.1588785046728972 0.2803738317757009 0.14018691588785046 0.2803738317757009 
0.2641509433962264 0.18867924528301888 0.16981132075471697 0.2169811320754717 0.16037735849056603 
0.27927927927927926 0.14414414414414414 0.17117117117117117 0.21621621621621623 0.1891891891891892 
0.3225806451612903 0.16129032258064516 0.11827956989247312 0.16129032258064516 0.23655913978494625 
0.12149532710280374 0.21495327102803738 0.14953271028037382 0.19626168224299065 0.3177570093457944 
0.3669724770642202 0.1559633027522936 0.14678899082568808 0.1926605504587156 0.13761467889908258 
0.30303030303030304 0.09090909090909091 0.2196969696969697 0.18181818181818182 0.20454545454545456 
0.16417910447761194 0.09701492537313433 0.23134328358208955 0.22388059701492538 0.2835820895522388 
0.20588235294117646 0.22058823529411764 0.17647058823529413 0.25 0.14705882352941177 
0.17543859649122806 0.22807017543859648 0.17543859649122806 0.22807017543859648 0.19298245614035087 
0.3522012578616352 0.0880503144654088 0.2830188679245283 0.12578616352201258 0.1509433962264151 
0.2318840579710145 0.21739130434782608 0.17391304347826086 0.2028985507246377 0.17391304347826086 
0.35789473684210527 0.11578947368421053 0.18947368421052632 0.17894736842105263 0.15789473684210525 
0.25675675675675674 0.14864864864864866 0.21621621621621623 0.20270270270270271 0.17567567567567569 
0.3627450980392157 0.14705882352941177 0.12745098039215685 0.16666666666666666 0.19607843137254902 
0.37272727272727274 0.13636363636363635 0.11818181818181818 0.18181818181818182 0.19090909090909092 
0.1864406779661017 0.22033898305084745 0.22033898305084745 0.1864406779661017 0.1864406779661017 
0.1368421052631579 0.37894736842105264 0.15789473684210525 0.16842105263157894 0.15789473684210525 
0.08383233532934131 0.5329341317365269 0.09580838323353294 0.1437125748502994 0.1437125748502994 
0.19642857142857142 0.25 0.17857142857142858 0.17857142857142858 0.19642857142857142 
0.12048192771084337 0.37349397590361444 0.1566265060240964 0.1927710843373494 0.1566265060240964 
0.18666666666666668 0.28 0.14666666666666667 0.19333333333333333 0.19333333333333333 
0.24 0.16 0.24 0.13333333333333333 0.22666666666666666 
0.25757575757575757 0.2196969696969697 0.13636363636363635 0.19696969696969696 0.1893939393939394 
0.3018867924528302 0.1320754716981132 0.20754716981132076 0.1320754716981132 0.22641509433962265 
0.2804878048780488 0.17073170731707318 0.15853658536585366 0.17073170731707318 0.21951219512195122 
0.09917355371900827 0.36363636363636365 0.1652892561983471 0.1652892561983471 0.2066115702479339 
0.3935483870967742 0.09032258064516129 0.2 0.2 0.11612903225806452 
0.28095238095238095 0.26666666666666666 0.1761904761904762 0.1380952380952381 0.1380952380952381 
0.22641509433962265 0.1320754716981132 0.2641509433962264 0.18867924528301888 0.18867924528301888 
0.22413793103448276 0.15517241379310345 0.1896551724137931 0.1896551724137931 0.2413793103448276 
0.09558823529411764 0.15441176470588236 0.27941176470588236 0.33088235294117646 0.13970588235294118 
0.28448275862068967 0.1206896551724138 0.1724137931034483 0.2413793103448276 0.1810344827586207 
0.11864406779661017 0.23728813559322035 0.2457627118644068 0.19491525423728814 0.2033898305084746 
0.16883116883116883 0.15584415584415584 0.2987012987012987 0.16883116883116883 0.2077922077922078 
0.4418604651162791 0.10852713178294573 0.13953488372093023 0.10852713178294573 0.20155038759689922 
0.288 0.12 0.144 0.136 0.312 
0.3291139240506329 0.16455696202531644 0.189873417721519 0.13924050632911392 0.17721518987341772 
0.25333333333333335 0.14666666666666667 0.17333333333333334 0.22666666666666666 0.2 
0.2608695652173913 0.14492753623188406 0.2028985507246377 0.18840579710144928 0.2028985507246377 
0.21138211382113822 0.12195121951219512 0.3252032520325203 0.12195121951219512 0.21951219512195122 
0.2 0.2153846153846154 0.23076923076923078 0.18461538461538463 0.16923076923076924 
0.24285714285714285 0.10714285714285714 0.20714285714285716 0.30714285714285716 0.1357142857142857 
0.37383177570093457 0.1261682242990654 0.12149532710280374 0.1542056074766355 0.22429906542056074 
0.3142857142857143 0.1619047619047619 0.1523809523809524 0.17142857142857143 0.2 
0.26956521739130435 0.11304347826086956 0.12173913043478261 0.33043478260869563 0.16521739130434782 
0.24193548387096775 0.24193548387096775 0.1935483870967742 0.16129032258064516 0.16129032258064516 
0.18604651162790697 0.19767441860465115 0.16279069767441862 0.20930232558139536 0.2441860465116279 
0.15172413793103448 0.2896551724137931 0.16551724137931034 0.13793103448275862 0.25517241379310346 
0.28888888888888886 0.13333333333333333 0.2222222222222222 0.17777777777777778 0.17777777777777778 
0.24615384615384617 0.2153846153846154 0.16923076923076924 0.2 0.16923076923076924 
0.3394495412844037 0.1559633027522936 0.12844036697247707 0.11926605504587157 0.25688073394495414 
0.22916666666666666 0.1875 0.15625 0.20833333333333334 0.21875 
0.4206896551724138 0.15172413793103448 0.1310344827586207 0.1103448275862069 0.18620689655172415 
0.3116883116883117 0.18181818181818182 0.15584415584415584 0.15584415584415584 0.19480519480519481 
0.41284403669724773 0.11926605504587157 0.14678899082568808 0.1559633027522936 0.1651376146788991 
0.38860103626943004 0.08808290155440414 0.08808290155440414 0.11398963730569948 0.32124352331606215 
0.3516483516483517 0.15384615384615385 0.12087912087912088 0.1978021978021978 0.17582417582417584 
0.30303030303030304 0.16666666666666666 0.16666666666666666 0.16666666666666666 0.19696969696969696 
0.3103448275862069 0.16379310344827586 0.13793103448275862 0.14655172413793102 0.2413793103448276 
0.3644859813084112 0.09813084112149532 0.1588785046728972 0.13551401869158877 0.24299065420560748 
0.2670807453416149 0.2484472049689441 0.17391304347826086 0.14906832298136646 0.16149068322981366 
0.3706896551724138 0.13793103448275862 0.10344827586206896 0.1724137931034483 0.21551724137931033 
0.3357664233576642 0.11678832116788321 0.12408759124087591 0.15328467153284672 0.27007299270072993 
0.27631578947368424 0.17105263157894737 0.18421052631578946 0.21052631578947367 0.15789473684210525 
0.3945945945945946 0.20540540540540542 0.14594594594594595 0.12432432432432433 0.12972972972972974 
0.2619047619047619 0.15476190476190477 0.15476190476190477 0.23809523809523808 0.19047619047619047 
0.25 0.14583333333333334 0.15625 0.23958333333333334 0.20833333333333334 
0.2948717948717949 0.14102564102564102 0.19230769230769232 0.16666666666666666 0.20512820512820512 
0.23863636363636365 0.20454545454545456 0.19318181818181818 0.18181818181818182 0.18181818181818182 
0.15671641791044777 0.26865671641791045 0.13432835820895522 0.208955223880597 0.23134328358208955 
0.10909090909090909 0.3212121212121212 0.21818181818181817 0.13333333333333333 0.21818181818181817 
0.08287292817679558 0.34806629834254144 0.11602209944751381 0.20441988950276244 0.24861878453038674 
0.10714285714285714 0.25892857142857145 0.22321428571428573 0.21428571428571427 0.19642857142857142 
0.14772727272727273 0.3068181818181818 0.13636363636363635 0.20454545454545456 0.20454545454545456 
0.13333333333333333 0.3416666666666667 0.175 0.19166666666666668 0.15833333333333333 
0.11764705882352941 0.2184873949579832 0.24369747899159663 0.24369747899159663 0.17647058823529413 
0.1414141414141414 0.3434343434343434 0.20202020202020202 0.1414141414141414 0.1717171717171717 
0.17204301075268819 0.24731182795698925 0.1935483870967742 0.1935483870967742 0.1935483870967742 
0.10759493670886076 0.2468354430379747 0.1518987341772152 0.21518987341772153 0.27848101265822783 
0.08163265306122448 0.4816326530612245 0.18775510204081633 0.09387755102040816 0.15510204081632653 
0.17543859649122806 0.22807017543859648 0.22807017543859648 0.19298245614035087 0.17543859649122806 
0.15714285714285714 0.32857142857142857 0.15714285714285714 0.2 0.15714285714285714 
0.1864406779661017 0.2542372881355932 0.2033898305084746 0.1864406779661017 0.1694915254237288 
0.19117647058823528 0.2647058823529412 0.19117647058823528 0.19117647058823528 0.16176470588235295 
0.14705882352941177 0.35294117647058826 0.16666666666666666 0.18627450980392157 0.14705882352941177 
0.14634146341463414 0.2073170731707317 0.2073170731707317 0.23170731707317074 0.2073170731707317 
0.21052631578947367 0.21052631578947367 0.17543859649122806 0.19298245614035087 0.21052631578947367 
0.14285714285714285 0.22077922077922077 0.24675324675324675 0.23376623376623376 0.15584415584415584 
0.1504424778761062 0.36283185840707965 0.13274336283185842 0.168141592920354 0.18584070796460178 
0.24528301886792453 0.18867924528301888 0.18867924528301888 0.18867924528301888 0.18867924528301888 
0.09615384615384616 0.3141025641025641 0.14102564102564102 0.1987179487179487 0.25 
0.17708333333333334 0.20833333333333334 0.20833333333333334 0.15625 0.25 
0.1414141414141414 0.26262626262626265 0.20202020202020202 0.25252525252525254 0.1414141414141414 
0.14563106796116504 0.25728155339805825 0.11650485436893204 0.1796116504854369 0.30097087378640774 
0.13186813186813187 0.26373626373626374 0.23076923076923078 0.2087912087912088 0.16483516483516483 
0.15853658536585366 0.2682926829268293 0.2073170731707317 0.21951219512195122 0.14634146341463414 
0.15151515151515152 0.25757575757575757 0.19696969696969696 0.19696969696969696 0.19696969696969696 
0.16483516483516483 0.2967032967032967 0.2087912087912088 0.1978021978021978 0.13186813186813187 
0.13793103448275862 0.2413793103448276 0.20689655172413793 0.2413793103448276 0.1724137931034483 
0.17894736842105263 0.30526315789473685 0.17894736842105263 0.2 0.1368421052631579 
0.17105263157894737 0.2631578947368421 0.21052631578947367 0.18421052631578946 0.17105263157894737 
0.27358490566037735 0.11320754716981132 0.2830188679245283 0.16037735849056603 0.16981132075471697 
0.3082706766917293 0.15037593984962405 0.15789473684210525 0.14285714285714285 0.24060150375939848 
0.3655913978494624 0.21505376344086022 0.11827956989247312 0.13978494623655913 0.16129032258064516 
0.3987730061349693 0.09202453987730061 0.1165644171779141 0.1411042944785276 0.25153374233128833 
0.23809523809523808 0.20634920634920634 0.2222222222222222 0.1746031746031746 0.15873015873015872 
0.28169014084507044 0.2112676056338028 0.19718309859154928 0.14084507042253522 0.16901408450704225 
0.2636363636363636 0.07272727272727272 0.11363636363636363 0.14545454545454545 0.40454545454545454 
0.21978021978021978 0.16483516483516483 0.15384615384615385 0.2857142857142857 0.17582417582417584 
0.1111111111111111 0.3425925925925926 0.1388888888888889 0.2037037037037037 0.2037037037037037 
0.4397590361445783 0.12048192771084337 0.1686746987951807 0.12048192771084337 0.15060240963855423 
0.16666666666666666 0.26666666666666666 0.21666666666666667 0.18333333333333332 0.16666666666666666 
0.13705583756345177 0.16751269035532995 0.3197969543147208 0.2233502538071066 0.15228426395939088 
0.1417910447761194 0.208955223880597 0.13432835820895522 0.21641791044776118 0.29850746268656714 
0.20535714285714285 0.13392857142857142 0.1875 0.24107142857142858 0.23214285714285715 
0.15384615384615385 0.20512820512820512 0.20512820512820512 0.23076923076923078 0.20512820512820512 
0.14414414414414414 0.14414414414414414 0.18018018018018017 0.3063063063063063 0.22522522522522523 
0.1506849315068493 0.1780821917808219 0.1917808219178082 0.3150684931506849 0.1643835616438356 
0.15942028985507245 0.17391304347826086 0.17391304347826086 0.2898550724637681 0.2028985507246377 
0.14457831325301204 0.13253012048192772 0.1927710843373494 0.27710843373493976 0.25301204819277107 
0.2 0.16666666666666666 0.18333333333333332 0.26666666666666666 0.18333333333333332 
0.22580645161290322 0.1774193548387097 0.1774193548387097 0.22580645161290322 0.1935483870967742 
0.19626168224299065 0.11214953271028037 0.1588785046728972 0.2616822429906542 0.27102803738317754 
0.25874125874125875 0.13286713286713286 0.13986013986013987 0.15384615384615385 0.3146853146853147 
0.2 0.16666666666666666 0.21666666666666667 0.25 0.16666666666666666 
0.15037593984962405 0.09022556390977443 0.33458646616541354 0.17293233082706766 0.2518796992481203 
0.1978021978021978 0.15384615384615385 0.24175824175824176 0.18681318681318682 0.21978021978021978 
0.1623931623931624 0.24786324786324787 0.2564102564102564 0.1452991452991453 0.18803418803418803 
0.2857142857142857 0.17142857142857143 0.2571428571428571 0.1619047619047619 0.12380952380952381 
0.24324324324324326 0.10135135135135136 0.34459459459459457 0.12837837837837837 0.18243243243243243 
0.10980392156862745 0.12549019607843137 0.28627450980392155 0.3333333333333333 0.1450980392156863 
0.19298245614035087 0.18421052631578946 0.38596491228070173 0.12280701754385964 0.11403508771929824 
0.16981132075471697 0.18867924528301888 0.2830188679245283 0.14150943396226415 0.2169811320754717 
0.12612612612612611 0.17117117117117117 0.26126126126126126 0.18018018018018017 0.26126126126126126 
0.264 0.152 0.208 0.208 0.168 
0.22826086956521738 0.15217391304347827 0.2391304347826087 0.20652173913043478 0.17391304347826086 
0.28994082840236685 0.10059171597633136 0.3254437869822485 0.10059171597633136 0.1834319526627219 
0.14534883720930233 0.0872093023255814 0.4011627906976744 0.1511627906976744 0.21511627906976744 
0.21875 0.25 0.1875 0.1875 0.15625 
0.20952380952380953 0.14285714285714285 0.3142857142857143 0.13333333333333333 0.2 
0.18032786885245902 0.22950819672131148 0.21311475409836064 0.21311475409836064 0.16393442622950818 
0.1951219512195122 0.21951219512195122 0.21951219512195122 0.1951219512195122 0.17073170731707318 
0.19672131147540983 0.21311475409836064 0.22950819672131148 0.18032786885245902 0.18032786885245902 
0.18181818181818182 0.21818181818181817 0.2 0.21818181818181817 0.18181818181818182 
0.09090909090909091 0.2975206611570248 0.19008264462809918 0.2396694214876033 0.18181818181818182 
0.1794871794871795 0.15384615384615385 0.15384615384615385 0.3076923076923077 0.20512820512820512 
0.18461538461538463 0.2 0.18461538461538463 0.2153846153846154 0.2153846153846154 
0.14018691588785046 0.1308411214953271 0.21495327102803738 0.22429906542056074 0.2897196261682243 
0.1346153846153846 0.3942307692307692 0.125 0.17307692307692307 0.17307692307692307 
0.17525773195876287 0.30927835051546393 0.15463917525773196 0.1958762886597938 0.16494845360824742 
0.10476190476190476 0.4 0.11428571428571428 0.19047619047619047 0.19047619047619047 
0.14444444444444443 0.28888888888888886 0.2222222222222222 0.2111111111111111 0.13333333333333333 
0.10625 0.39375 0.10625 0.15625 0.2375 
0.11940298507462686 0.40298507462686567 0.11194029850746269 0.20149253731343283 0.16417910447761194 
0.16393442622950818 0.29508196721311475 0.19672131147540983 0.18032786885245902 0.16393442622950818 
0.12037037037037036 0.3888888888888889 0.12962962962962962 0.14814814814814814 0.21296296296296297 
0.0903954802259887 0.4689265536723164 0.11299435028248588 0.1638418079096045 0.1638418079096045 
0.11428571428571428 0.41904761904761906 0.17142857142857143 0.13333333333333333 0.1619047619047619 
0.14423076923076922 0.38461538461538464 0.1346153846153846 0.18269230769230768 0.15384615384615385 
0.19672131147540983 0.22950819672131148 0.19672131147540983 0.21311475409836064 0.16393442622950818 
0.1092436974789916 0.35294117647058826 0.13445378151260504 0.23529411764705882 0.16806722689075632 
0.17142857142857143 0.3 0.17142857142857143 0.15714285714285714 0.2 
0.1485148514851485 0.33663366336633666 0.24752475247524752 0.13861386138613863 0.12871287128712872 
0.16129032258064516 0.34408602150537637 0.15053763440860216 0.21505376344086022 0.12903225806451613 
0.1694915254237288 0.23728813559322035 0.1694915254237288 0.22033898305084745 0.2033898305084746 
0.13924050632911392 0.2911392405063291 0.189873417721519 0.22784810126582278 0.1518987341772152 
0.1518987341772152 0.35443037974683544 0.1518987341772152 0.189873417721519 0.1518987341772152 
0.18571428571428572 0.22857142857142856 0.2 0.21428571428571427 0.17142857142857143 
0.21666666666666667 0.23333333333333334 0.16666666666666666 0.21666666666666667 0.16666666666666666 
0.14 0.29 0.15 0.2 0.22 
0.12222222222222222 0.4222222222222222 0.13333333333333333 0.14444444444444443 0.17777777777777778 
0.19642857142857142 0.23214285714285715 0.19642857142857142 0.17857142857142858 0.19642857142857142 
0.2033898305084746 0.288135593220339 0.1694915254237288 0.1694915254237288 0.1694915254237288 
0.15942028985507245 0.2608695652173913 0.17391304347826086 0.18840579710144928 0.21739130434782608 
0.15873015873015872 0.2857142857142857 0.1746031746031746 0.20634920634920634 0.1746031746031746 
0.17105263157894737 0.3026315789473684 0.13157894736842105 0.2236842105263158 0.17105263157894737 
0.1774193548387097 0.3064516129032258 0.1935483870967742 0.16129032258064516 0.16129032258064516 
0.1791044776119403 0.208955223880597 0.22388059701492538 0.208955223880597 0.1791044776119403 
0.11194029850746269 0.47761194029850745 0.11940298507462686 0.1865671641791045 0.1044776119402985 
0.13414634146341464 0.32926829268292684 0.14634146341463414 0.2073170731707317 0.18292682926829268 
0.12686567164179105 0.2835820895522388 0.17164179104477612 0.20149253731343283 0.21641791044776118 
0.11702127659574468 0.3191489361702128 0.1276595744680851 0.23404255319148937 0.20212765957446807 
0.21794871794871795 0.16666666666666666 0.16666666666666666 0.23076923076923078 0.21794871794871795 
0.10084033613445378 0.25210084033613445 0.15966386554621848 0.2184873949579832 0.2689075630252101 
0.14912280701754385 0.4298245614035088 0.12280701754385964 0.15789473684210525 0.14035087719298245 
0.16279069767441862 0.32558139534883723 0.1511627906976744 0.1744186046511628 0.18604651162790697 
0.2 0.16666666666666666 0.2 0.26666666666666666 0.16666666666666666 
0.13636363636363635 0.30303030303030304 0.14393939393939395 0.25757575757575757 0.1590909090909091 
0.13043478260869565 0.4 0.12173913043478261 0.2 0.14782608695652175 
0.14444444444444443 0.37777777777777777 0.18888888888888888 0.14444444444444443 0.14444444444444443 
0.1917808219178082 0.2465753424657534 0.1917808219178082 0.1780821917808219 0.1917808219178082 
0.19607843137254902 0.21568627450980393 0.19607843137254902 0.19607843137254902 0.19607843137254902 
0.15151515151515152 0.3484848484848485 0.15151515151515152 0.18181818181818182 0.16666666666666666 
0.1440677966101695 0.3050847457627119 0.1271186440677966 0.17796610169491525 0.2457627118644068 
0.1282051282051282 0.36752136752136755 0.15384615384615385 0.18803418803418803 0.1623931623931624 
0.18055555555555555 0.3333333333333333 0.1527777777777778 0.19444444444444445 0.1388888888888889 
0.2361111111111111 0.18055555555555555 0.16666666666666666 0.25 0.16666666666666666 
0.11702127659574468 0.5053191489361702 0.07446808510638298 0.15425531914893617 0.14893617021276595 
0.1258741258741259 0.4405594405594406 0.1048951048951049 0.15384615384615385 0.17482517482517482 
0.1308411214953271 0.5233644859813084 0.09813084112149532 0.09345794392523364 0.1542056074766355 
0.10569105691056911 0.3983739837398374 0.17886178861788618 0.18699186991869918 0.13008130081300814 
0.1320754716981132 0.3867924528301887 0.16037735849056603 0.18867924528301888 0.1320754716981132 
0.13333333333333333 0.3333333333333333 0.14666666666666667 0.16 0.22666666666666666 
0.11764705882352941 0.4117647058823529 0.11764705882352941 0.1323529411764706 0.22058823529411764 
0.19718309859154928 0.19718309859154928 0.22535211267605634 0.18309859154929578 0.19718309859154928 
0.20588235294117646 0.3088235294117647 0.14705882352941177 0.14705882352941177 0.19117647058823528 
0.18461538461538463 0.2153846153846154 0.2 0.2 0.2 
0.16883116883116883 0.22077922077922077 0.24675324675324675 0.2077922077922078 0.15584415584415584 
0.15873015873015872 0.20634920634920634 0.23809523809523808 0.2222222222222222 0.1746031746031746 
0.15492957746478872 0.2676056338028169 0.23943661971830985 0.16901408450704225 0.16901408450704225 
0.13095238095238096 0.36904761904761907 0.11904761904761904 0.2261904761904762 0.15476190476190477 
0.12345679012345678 0.2839506172839506 0.1728395061728395 0.20987654320987653 0.20987654320987653 
0.15384615384615385 0.2923076923076923 0.2 0.16923076923076924 0.18461538461538463 
0.1794871794871795 0.23076923076923078 0.19230769230769232 0.21794871794871795 0.1794871794871795 
0.12698412698412698 0.15079365079365079 0.29365079365079366 0.15079365079365079 0.2777777777777778 
0.12359550561797752 0.1348314606741573 0.29213483146067415 0.15730337078651685 0.29213483146067415 
0.11403508771929824 0.2894736842105263 0.19298245614035087 0.21052631578947367 0.19298245614035087 
0.24615384615384617 0.18461538461538463 0.2 0.2153846153846154 0.15384615384615385 
0.15151515151515152 0.42424242424242425 0.1111111111111111 0.1414141414141414 0.1717171717171717 
0.19402985074626866 0.208955223880597 0.19402985074626866 0.1791044776119403 0.22388059701492538 
0.1875 0.41964285714285715 0.14285714285714285 0.125 0.125 
0.36283185840707965 0.19469026548672566 0.13274336283185842 0.17699115044247787 0.13274336283185842 
0.36538461538461536 0.17307692307692307 0.16346153846153846 0.17307692307692307 0.125 
0.24324324324324326 0.25675675675675674 0.20270270270270271 0.14864864864864866 0.14864864864864866 
0.3 0.14285714285714285 0.18571428571428572 0.17142857142857143 0.2 
0.2692307692307692 0.2564102564102564 0.19230769230769232 0.1282051282051282 0.15384615384615385 
0.25806451612903225 0.20967741935483872 0.16129032258064516 0.20967741935483872 0.16129032258064516 
0.26 0.17 0.19 0.19 0.19 
0.136 0.168 0.24 0.304 0.152 
0.1780821917808219 0.2328767123287671 0.1506849315068493 0.2191780821917808 0.2191780821917808 
0.25882352941176473 0.18823529411764706 0.1411764705882353 0.23529411764705882 0.17647058823529413 
0.325 0.16875 0.10625 0.18125 0.21875 
0.42857142857142855 0.14285714285714285 0.12605042016806722 0.12605042016806722 0.17647058823529413 
0.35428571428571426 0.1657142857142857 0.12571428571428572 0.22285714285714286 0.13142857142857142 
0.35374149659863946 0.14285714285714285 0.1292517006802721 0.1836734693877551 0.19047619047619047 
0.16216216216216217 0.21621621621621623 0.14864864864864866 0.25675675675675674 0.21621621621621623 
0.13924050632911392 0.26582278481012656 0.20253164556962025 0.21518987341772153 0.17721518987341772 
0.2018348623853211 0.22935779816513763 0.12844036697247707 0.26605504587155965 0.1743119266055046 
0.13580246913580246 0.2222222222222222 0.14814814814814814 0.30864197530864196 0.18518518518518517 
0.18309859154929578 0.18309859154929578 0.18309859154929578 0.2676056338028169 0.18309859154929578 
0.16923076923076924 0.17692307692307693 0.13076923076923078 0.4 0.12307692307692308 
0.15853658536585366 0.17073170731707318 0.14634146341463414 0.35365853658536583 0.17073170731707318 
0.112 0.136 0.152 0.368 0.232 
0.21052631578947367 0.15789473684210525 0.13157894736842105 0.3157894736842105 0.18421052631578946 
0.125 0.07692307692307693 0.12980769230769232 0.5240384615384616 0.14423076923076922 
0.15079365079365079 0.11904761904761904 0.1111111111111111 0.4444444444444444 0.1746031746031746 
0.1566265060240964 0.14457831325301204 0.1686746987951807 0.30120481927710846 0.2289156626506024 
0.1326530612244898 0.12244897959183673 0.10204081632653061 0.32653061224489793 0.3163265306122449 
0.08641975308641975 0.09876543209876543 0.12345679012345678 0.4567901234567901 0.2345679012345679 
0.18518518518518517 0.1111111111111111 0.1388888888888889 0.26851851851851855 0.2962962962962963 
0.1103448275862069 0.09655172413793103 0.1103448275862069 0.5172413793103449 0.16551724137931034 
0.10077519379844961 0.12403100775193798 0.13953488372093023 0.35658914728682173 0.27906976744186046 
0.19642857142857142 0.19642857142857142 0.19642857142857142 0.23214285714285715 0.17857142857142858 
0.12371134020618557 0.16494845360824742 0.15463917525773196 0.29896907216494845 0.25773195876288657 
0.3212121212121212 0.09090909090909091 0.11515151515151516 0.22424242424242424 0.24848484848484848 
0.35789473684210527 0.14736842105263157 0.14736842105263157 0.12631578947368421 0.22105263157894736 
0.2823529411764706 0.2235294117647059 0.16470588235294117 0.16470588235294117 0.16470588235294117 
0.23809523809523808 0.12380952380952381 0.18095238095238095 0.22857142857142856 0.22857142857142856 
0.43790849673202614 0.09803921568627451 0.1111111111111111 0.12418300653594772 0.22875816993464052 
0.35658914728682173 0.15503875968992248 0.15503875968992248 0.13178294573643412 0.20155038759689922 
0.38562091503267976 0.13725490196078433 0.1830065359477124 0.13071895424836602 0.16339869281045752 
0.2459016393442623 0.16393442622950818 0.22950819672131148 0.16393442622950818 0.19672131147540983 
0.3504273504273504 0.1623931623931624 0.15384615384615385 0.1623931623931624 0.17094017094017094 
0.27941176470588236 0.16176470588235295 0.16176470588235295 0.20588235294117646 0.19117647058823528 
0.3125 0.13541666666666666 0.17708333333333334 0.20833333333333334 0.16666666666666666 
0.3979591836734694 0.14285714285714285 0.12244897959183673 0.15306122448979592 0.1836734693877551 
0.3026315789473684 0.15789473684210525 0.2236842105263158 0.13157894736842105 0.18421052631578946 
0.34444444444444444 0.11666666666666667 0.20555555555555555 0.10555555555555556 0.22777777777777777 
0.24074074074074073 0.12962962962962962 0.17592592592592593 0.1574074074074074 0.2962962962962963 
0.323943661971831 0.18309859154929578 0.16901408450704225 0.15492957746478872 0.16901408450704225 
0.24615384615384617 0.15384615384615385 0.23076923076923078 0.2 0.16923076923076924 
0.29545454545454547 0.13636363636363635 0.19318181818181818 0.1590909090909091 0.2159090909090909 
0.2824858757062147 0.1638418079096045 0.12429378531073447 0.21468926553672316 0.21468926553672316 
0.2689075630252101 0.10084033613445378 0.19327731092436976 0.15966386554621848 0.2773109243697479 
0.13861386138613863 0.19801980198019803 0.2079207920792079 0.24752475247524752 0.2079207920792079 
0.26595744680851063 0.07446808510638298 0.1702127659574468 0.2127659574468085 0.2765957446808511 
0.1773049645390071 0.14184397163120568 0.24113475177304963 0.1773049645390071 0.2624113475177305 
0.26436781609195403 0.1839080459770115 0.20689655172413793 0.14942528735632185 0.19540229885057472 
0.34375 0.125 0.125 0.13541666666666666 0.2708333333333333 
0.2631578947368421 0.12406015037593984 0.08646616541353383 0.16917293233082706 0.35714285714285715 
0.2236842105263158 0.15789473684210525 0.14473684210526316 0.25 0.2236842105263158 
0.2894736842105263 0.12280701754385964 0.21052631578947367 0.17543859649122806 0.20175438596491227 
0.3333333333333333 0.12745098039215685 0.1568627450980392 0.22549019607843138 0.1568627450980392 
0.3235294117647059 0.10294117647058823 0.18382352941176472 0.19852941176470587 0.19117647058823528 
0.25287356321839083 0.12643678160919541 0.1724137931034483 0.13793103448275862 0.3103448275862069 
0.25 0.1875 0.171875 0.21875 0.171875 
0.23846153846153847 0.14615384615384616 0.18461538461538463 0.16153846153846155 0.2692307692307692 
0.25 0.14473684210526316 0.2631578947368421 0.14473684210526316 0.19736842105263158 
0.16883116883116883 0.12987012987012986 0.11688311688311688 0.24025974025974026 0.34415584415584416 
0.18571428571428572 0.15714285714285714 0.18571428571428572 0.22857142857142856 0.24285714285714285 
0.13636363636363635 0.125 0.17045454545454544 0.3181818181818182 0.25 
0.10416666666666667 0.11458333333333333 0.19791666666666666 0.40625 0.17708333333333334 
0.16037735849056603 0.12264150943396226 0.14150943396226415 0.330188679245283 0.24528301886792453 
0.13291139240506328 0.15822784810126583 0.17088607594936708 0.3860759493670886 0.1518987341772152 
0.1523809523809524 0.17142857142857143 0.1619047619047619 0.2857142857142857 0.22857142857142856 
0.2037037037037037 0.2037037037037037 0.18518518518518517 0.18518518518518517 0.2222222222222222 
0.2 0.2 0.16666666666666666 0.25 0.18333333333333332 
0.1724137931034483 0.1724137931034483 0.22413793103448276 0.25862068965517243 0.1724137931034483 
0.13978494623655913 0.21505376344086022 0.20430107526881722 0.26881720430107525 0.17204301075268819 
0.14925373134328357 0.1791044776119403 0.19402985074626866 0.31343283582089554 0.16417910447761194 
0.20588235294117646 0.16176470588235295 0.22058823529411764 0.22058823529411764 0.19117647058823528 
0.21487603305785125 0.10743801652892562 0.2809917355371901 0.1487603305785124 0.24793388429752067 
0.27941176470588236 0.16176470588235295 0.16176470588235295 0.23529411764705882 0.16176470588235295 
0.2 0.16666666666666666 0.23333333333333334 0.2 0.2 
0.14782608695652175 0.20869565217391303 0.21739130434782608 0.23478260869565218 0.19130434782608696 
0.14473684210526316 0.23684210526315788 0.2894736842105263 0.15789473684210525 0.17105263157894737 
0.23404255319148937 0.20212765957446807 0.22340425531914893 0.1595744680851064 0.18085106382978725 
0.296551724137931 0.18620689655172415 0.09655172413793103 0.2 0.2206896551724138 
0.32515337423312884 0.18404907975460122 0.13496932515337423 0.1411042944785276 0.2147239263803681 
0.2727272727272727 0.2159090909090909 0.14772727272727273 0.19318181818181818 0.17045454545454544 
0.36752136752136755 0.1623931623931624 0.1282051282051282 0.1282051282051282 0.21367521367521367 
0.3157894736842105 0.17894736842105263 0.15789473684210525 0.15789473684210525 0.18947368421052632 
0.13013698630136986 0.14383561643835616 0.19863013698630136 0.1232876712328767 0.4041095890410959 
0.2222222222222222 0.14444444444444443 0.13333333333333333 0.17777777777777778 0.32222222222222224 
0.1791044776119403 0.1791044776119403 0.1791044776119403 0.26865671641791045 0.19402985074626866 
0.08629441624365482 0.09644670050761421 0.09644670050761421 0.116751269035533 0.6040609137055838 
0.19148936170212766 0.1595744680851064 0.11702127659574468 0.2127659574468085 0.3191489361702128 
0.17045454545454544 0.17045454545454544 0.1590909090909091 0.17045454545454544 0.32954545454545453 
0.2127659574468085 0.11702127659574468 0.14893617021276595 0.18085106382978725 0.3404255319148936 
0.1935483870967742 0.22580645161290322 0.1774193548387097 0.1774193548387097 0.22580645161290322 
0.19834710743801653 0.11570247933884298 0.15702479338842976 0.19008264462809918 0.33884297520661155 
0.1320754716981132 0.14150943396226415 0.16037735849056603 0.22641509433962265 0.33962264150943394 
0.26595744680851063 0.11702127659574468 0.14893617021276595 0.13829787234042554 0.32978723404255317 
0.19148936170212766 0.2127659574468085 0.1276595744680851 0.10638297872340426 0.3617021276595745 
0.25 0.17857142857142858 0.17857142857142858 0.17857142857142858 0.21428571428571427 
0.2727272727272727 0.10743801652892562 0.14049586776859505 0.17355371900826447 0.30578512396694213 
0.22033898305084745 0.1694915254237288 0.2033898305084746 0.1864406779661017 0.22033898305084745 
0.13425925925925927 0.09722222222222222 0.09259259259259259 0.25 0.42592592592592593 
0.1553398058252427 0.14563106796116504 0.10679611650485436 0.17475728155339806 0.4174757281553398 
0.2111111111111111 0.14444444444444443 0.12222222222222222 0.14444444444444443 0.37777777777777777 
0.14583333333333334 0.21875 0.11458333333333333 0.13541666666666666 0.3854166666666667 
0.17272727272727273 0.13636363636363635 0.15454545454545454 0.16363636363636364 0.37272727272727274 
0.203125 0.15625 0.15625 0.234375 0.25 
0.17543859649122806 0.21052631578947367 0.21052631578947367 0.17543859649122806 0.22807017543859648 
0.23 0.13 0.15 0.24 0.25 
0.18867924528301888 0.18867924528301888 0.20754716981132076 0.22641509433962265 0.18867924528301888 
0.2037037037037037 0.18518518518518517 0.2037037037037037 0.2037037037037037 0.2037037037037037 
0.2318840579710145 0.15942028985507245 0.17391304347826086 0.17391304347826086 0.2608695652173913 
0.27941176470588236 0.20588235294117646 0.16176470588235295 0.16176470588235295 0.19117647058823528 
0.23417721518987342 0.25316455696202533 0.12658227848101267 0.13924050632911392 0.2468354430379747 
0.14414414414414414 0.13513513513513514 0.1891891891891892 0.27927927927927926 0.25225225225225223 
0.3333333333333333 0.14444444444444443 0.16666666666666666 0.18888888888888888 0.16666666666666666 
0.39316239316239315 0.10256410256410256 0.1794871794871795 0.20512820512820512 0.11965811965811966 
0.358695652173913 0.14130434782608695 0.17391304347826086 0.16304347826086957 0.16304347826086957 
0.28 0.16 0.21333333333333335 0.17333333333333334 0.17333333333333334 
0.40625 0.109375 0.1171875 0.203125 0.1640625 
0.45454545454545453 0.12121212121212122 0.1393939393939394 0.11515151515151516 0.1696969696969697 
0.44565217391304346 0.11956521739130435 0.10869565217391304 0.17391304347826086 0.15217391304347827 
0.35714285714285715 0.10714285714285714 0.17857142857142858 0.17857142857142858 0.17857142857142858 
0.25925925925925924 0.19753086419753085 0.14814814814814814 0.18518518518518517 0.20987654320987653 
0.4148936170212766 0.14893617021276595 0.13829787234042554 0.1595744680851064 0.13829787234042554 
0.4298245614035088 0.16666666666666666 0.13157894736842105 0.12280701754385964 0.14912280701754385 
0.28703703703703703 0.1574074074074074 0.1388888888888889 0.1574074074074074 0.25925925925925924 
0.2698412698412698 0.1746031746031746 0.19047619047619047 0.15873015873015872 0.20634920634920634 
0.4605263157894737 0.19736842105263158 0.13815789473684212 0.09210526315789473 0.1118421052631579 
0.3490566037735849 0.1509433962264151 0.11320754716981132 0.1792452830188679 0.20754716981132076 
0.31868131868131866 0.13186813186813187 0.13186813186813187 0.24175824175824176 0.17582417582417584 
0.3142857142857143 0.24761904761904763 0.1523809523809524 0.12380952380952381 0.1619047619047619 
0.3619047619047619 0.18571428571428572 0.12380952380952381 0.10952380952380952 0.21904761904761905 
0.38461538461538464 0.13286713286713286 0.16083916083916083 0.13986013986013987 0.18181818181818182 
0.48 0.13 0.12 0.11 0.16 
0.26666666666666666 0.2 0.18333333333333332 0.16666666666666666 0.18333333333333332 
0.3246753246753247 0.15584415584415584 0.15584415584415584 0.18181818181818182 0.18181818181818182 
0.25609756097560976 0.23170731707317074 0.17073170731707318 0.1951219512195122 0.14634146341463414 
0.3875 0.175 0.13125 0.125 0.18125 
0.3466666666666667 0.14666666666666667 0.2 0.17333333333333334 0.13333333333333333 
0.41836734693877553 0.11224489795918367 0.15306122448979592 0.16326530612244897 0.15306122448979592 
0.3978494623655914 0.15053763440860216 0.12903225806451613 0.17204301075268819 0.15053763440860216 
0.3333333333333333 0.1839080459770115 0.13793103448275862 0.1724137931034483 0.1724137931034483 
0.3402061855670103 0.17525773195876287 0.13402061855670103 0.18556701030927836 0.16494845360824742 
0.25301204819277107 0.18072289156626506 0.1927710843373494 0.1686746987951807 0.20481927710843373 
0.22916666666666666 0.28125 0.16666666666666666 0.13541666666666666 0.1875 
