0.12280701754385964 0.09649122807017543 0.30701754385964913 0.14912280701754385 0.32456140350877194 
0.09933774834437085 0.1456953642384106 0.4370860927152318 0.10596026490066225 0.2119205298013245 
0.1888111888111888 0.11188811188811189 0.2937062937062937 0.15384615384615385 0.2517482517482518 
0.1568627450980392 0.11764705882352941 0.24509803921568626 0.17647058823529413 0.30392156862745096 
0.16981132075471697 0.20754716981132076 0.2169811320754717 0.09433962264150944 0.3113207547169811 
0.17647058823529413 0.21568627450980393 0.2222222222222222 0.1111111111111111 0.27450980392156865 
0.16 0.18857142857142858 0.1657142857142857 0.14857142857142858 0.33714285714285713 
0.17582417582417584 0.12087912087912088 0.3076923076923077 0.13186813186813187 0.26373626373626374 
0.23484848484848486 0.11363636363636363 0.3939393939393939 0.09848484848484848 0.1590909090909091 
0.18803418803418803 0.11965811965811966 0.3418803418803419 0.1623931623931624 0.18803418803418803 
0.12162162162162163 0.16216216216216217 0.4189189189189189 0.07432432432432433 0.22297297297297297 
0.22171945701357465 0.09954751131221719 0.39819004524886875 0.09954751131221719 0.18099547511312217 
0.19444444444444445 0.16666666666666666 0.2777777777777778 0.1388888888888889 0.2222222222222222 
0.17777777777777778 0.12222222222222222 0.3 0.2111111111111111 0.18888888888888888 
0.15555555555555556 0.15555555555555556 0.3888888888888889 0.15555555555555556 0.14444444444444443 
0.18085106382978725 0.13829787234042554 0.35106382978723405 0.11702127659574468 0.2127659574468085 
0.24390243902439024 0.15853658536585366 0.2804878048780488 0.13414634146341464 0.18292682926829268 
0.17592592592592593 0.12962962962962962 0.3425925925925926 0.14814814814814814 0.2037037037037037 
0.18421052631578946 0.15789473684210525 0.2631578947368421 0.15789473684210525 0.23684210526315788 
0.18834080717488788 0.10762331838565023 0.5336322869955157 0.08968609865470852 0.08071748878923767 
0.17721518987341772 0.17721518987341772 0.31645569620253167 0.16455696202531644 0.16455696202531644 
0.27848101265822783 0.16455696202531644 0.17721518987341772 0.16455696202531644 0.21518987341772153 
0.24285714285714285 0.14285714285714285 0.22857142857142856 0.21428571428571427 0.17142857142857143 
0.2345679012345679 0.13580246913580246 0.32098765432098764 0.16049382716049382 0.14814814814814814 
0.15217391304347827 0.15217391304347827 0.3804347826086957 0.14130434782608695 0.17391304347826086 
0.232 0.168 0.36 0.112 0.128 
0.1694915254237288 0.11016949152542373 0.4322033898305085 0.1440677966101695 0.1440677966101695 
0.2 0.18181818181818182 0.21818181818181817 0.2 0.2 
0.2318840579710145 0.2028985507246377 0.2028985507246377 0.18840579710144928 0.17391304347826086 
0.2191780821917808 0.1506849315068493 0.2054794520547945 0.1643835616438356 0.2602739726027397 
0.2323943661971831 0.19014084507042253 0.30985915492957744 0.11267605633802817 0.15492957746478872 
0.28695652173913044 0.09565217391304348 0.3565217391304348 0.12173913043478261 0.1391304347826087 
0.19491525423728814 0.1694915254237288 0.4152542372881356 0.1271186440677966 0.09322033898305085 
0.25153374233128833 0.1411042944785276 0.3803680981595092 0.12883435582822086 0.09815950920245399 
0.1625 0.35 0.15 0.1625 0.175 
0.21794871794871795 0.21794871794871795 0.21794871794871795 0.14102564102564102 0.20512820512820512 
0.14 0.13 0.19 0.12 0.42 
0.15555555555555556 0.17777777777777778 0.16666666666666666 0.14444444444444443 0.35555555555555557 
0.14893617021276595 0.3191489361702128 0.13829787234042554 0.20212765957446807 0.19148936170212766 
0.14130434782608695 0.25 0.15217391304347827 0.16304347826086957 0.29347826086956524 
0.16101694915254236 0.1694915254237288 0.1694915254237288 0.15254237288135594 0.3474576271186441 
0.15833333333333333 0.21666666666666667 0.225 0.15 0.25 
0.16176470588235295 0.25 0.14705882352941177 0.19117647058823528 0.25 
0.17894736842105263 0.3473684210526316 0.1368421052631579 0.14736842105263157 0.18947368421052632 
0.1694915254237288 0.2033898305084746 0.1864406779661017 0.2542372881355932 0.1864406779661017 
0.14545454545454545 0.21818181818181817 0.15454545454545454 0.18181818181818182 0.3 
0.07784431137724551 0.16766467065868262 0.19760479041916168 0.1377245508982036 0.41916167664670656 
0.1566265060240964 0.2891566265060241 0.18072289156626506 0.18072289156626506 0.1927710843373494 
0.17647058823529413 0.23529411764705882 0.12745098039215685 0.23529411764705882 0.22549019607843138 
0.14583333333333334 0.1875 0.15625 0.375 0.13541666666666666 
0.1732283464566929 0.25196850393700787 0.1968503937007874 0.10236220472440945 0.2755905511811024 
0.1910828025477707 0.37579617834394907 0.17197452229299362 0.12101910828025478 0.14012738853503184 
0.15862068965517243 0.1724137931034483 0.1310344827586207 0.11724137931034483 0.4206896551724138 
0.17543859649122806 0.22807017543859648 0.19298245614035087 0.21052631578947367 0.19298245614035087 
0.20481927710843373 0.18072289156626506 0.21686746987951808 0.1566265060240964 0.24096385542168675 
0.1640625 0.1640625 0.1640625 0.125 0.3828125 
0.13953488372093023 0.18023255813953487 0.26744186046511625 0.08139534883720931 0.3313953488372093 
0.11666666666666667 0.16666666666666666 0.15833333333333333 0.18333333333333332 0.375 
0.1721311475409836 0.10655737704918032 0.3975409836065574 0.06967213114754098 0.2540983606557377 
0.12396694214876033 0.19008264462809918 0.1652892561983471 0.14049586776859505 0.38016528925619836 
0.20634920634920634 0.2222222222222222 0.19047619047619047 0.19047619047619047 0.19047619047619047 
0.17142857142857143 0.26285714285714284 0.16 0.09142857142857143 0.3142857142857143 
0.1643835616438356 0.2054794520547945 0.1780821917808219 0.1506849315068493 0.3013698630136986 
0.13178294573643412 0.11627906976744186 0.2713178294573643 0.12403100775193798 0.35658914728682173 
0.1415929203539823 0.25663716814159293 0.1592920353982301 0.09734513274336283 0.34513274336283184 
0.1864406779661017 0.1440677966101695 0.211864406779661 0.22033898305084745 0.23728813559322035 
0.12903225806451613 0.16129032258064516 0.2661290322580645 0.12903225806451613 0.31451612903225806 
0.1574074074074074 0.14814814814814814 0.17592592592592593 0.12962962962962962 0.3888888888888889 
0.14285714285714285 0.2773109243697479 0.2605042016806723 0.13445378151260504 0.18487394957983194 
0.19387755102040816 0.15306122448979592 0.24489795918367346 0.15306122448979592 0.25510204081632654 
0.17757009345794392 0.1588785046728972 0.29906542056074764 0.1588785046728972 0.205607476635514 
0.18072289156626506 0.20481927710843373 0.1686746987951807 0.1566265060240964 0.2891566265060241 
0.14035087719298245 0.22807017543859648 0.21929824561403508 0.18421052631578946 0.22807017543859648 
0.15702479338842976 0.21487603305785125 0.2231404958677686 0.21487603305785125 0.19008264462809918 
0.1935483870967742 0.24193548387096775 0.20967741935483872 0.16129032258064516 0.1935483870967742 
0.14285714285714285 0.3 0.18571428571428572 0.17142857142857143 0.2 
0.14754098360655737 0.2786885245901639 0.13934426229508196 0.09016393442622951 0.3442622950819672 
0.21052631578947367 0.17894736842105263 0.23157894736842105 0.17894736842105263 0.2 
0.19090909090909092 0.2545454545454545 0.17272727272727273 0.10909090909090909 0.2727272727272727 
0.16304347826086957 0.21739130434782608 0.21739130434782608 0.13043478260869565 0.2717391304347826 
0.15625 0.15625 0.2708333333333333 0.15625 0.2604166666666667 
0.18627450980392157 0.21568627450980393 0.21568627450980393 0.19607843137254902 0.18627450980392157 
0.16279069767441862 0.16279069767441862 0.16279069767441862 0.19767441860465115 0.313953488372093 
0.11917098445595854 0.24870466321243523 0.18134715025906736 0.18134715025906736 0.2694300518134715 
0.14583333333333334 0.23958333333333334 0.19791666666666666 0.17708333333333334 0.23958333333333334 
0.17857142857142858 0.25 0.17857142857142858 0.17857142857142858 0.21428571428571427 
0.16326530612244897 0.25510204081632654 0.19387755102040816 0.14285714285714285 0.24489795918367346 
0.14492753623188406 0.2898550724637681 0.18840579710144928 0.15942028985507245 0.21739130434782608 
0.14893617021276595 0.3262411347517731 0.14184397163120568 0.1347517730496454 0.24822695035460993 
0.15853658536585366 0.24390243902439024 0.17073170731707318 0.13414634146341464 0.2926829268292683 
0.13071895424836602 0.13725490196078433 0.35294117647058826 0.0784313725490196 0.3006535947712418 
0.14130434782608695 0.17391304347826086 0.17391304347826086 0.14130434782608695 0.3695652173913043 
0.15254237288135594 0.24293785310734464 0.23728813559322035 0.1807909604519774 0.1864406779661017 
0.15053763440860216 0.3010752688172043 0.1935483870967742 0.12903225806451613 0.22580645161290322 
0.2066115702479339 0.17355371900826447 0.1322314049586777 0.15702479338842976 0.3305785123966942 
0.2028985507246377 0.2318840579710145 0.14492753623188406 0.18840579710144928 0.2318840579710145 
0.12037037037037036 0.16666666666666666 0.28703703703703703 0.12962962962962962 0.2962962962962963 
0.17073170731707318 0.21951219512195122 0.24390243902439024 0.15853658536585366 0.2073170731707317 
0.1796875 0.1484375 0.1328125 0.1328125 0.40625 
0.19553072625698323 0.1005586592178771 0.29608938547486036 0.1005586592178771 0.30726256983240224 
0.23333333333333334 0.32 0.13333333333333333 0.13333333333333333 0.18 
0.18421052631578946 0.2236842105263158 0.18421052631578946 0.17105263157894737 0.23684210526315788 
0.19875776397515527 0.15527950310559005 0.2236024844720497 0.14285714285714285 0.2795031055900621 
0.16049382716049382 0.25925925925925924 0.1728395061728395 0.20987654320987653 0.19753086419753085 
0.1864406779661017 0.2542372881355932 0.1864406779661017 0.1864406779661017 0.1864406779661017 
0.171875 0.25 0.15625 0.171875 0.25 
0.15748031496062992 0.16535433070866143 0.2283464566929134 0.14173228346456693 0.30708661417322836 
0.15625 0.18055555555555555 0.3993055555555556 0.06597222222222222 0.19791666666666666 
0.14150943396226415 0.22641509433962265 0.18867924528301888 0.1320754716981132 0.3113207547169811 
0.18571428571428572 0.17142857142857143 0.24285714285714285 0.17142857142857143 0.22857142857142856 
0.1511627906976744 0.22093023255813954 0.13953488372093023 0.16279069767441862 0.32558139534883723 
0.17391304347826086 0.2028985507246377 0.18840579710144928 0.15942028985507245 0.2753623188405797 
0.17073170731707318 0.3089430894308943 0.16260162601626016 0.14634146341463414 0.21138211382113822 
0.16129032258064516 0.2903225806451613 0.23387096774193547 0.10483870967741936 0.20967741935483872 
0.1267605633802817 0.2323943661971831 0.176056338028169 0.1056338028169014 0.3591549295774648 
0.2080536912751678 0.1342281879194631 0.15436241610738255 0.10067114093959731 0.40268456375838924 
0.14893617021276595 0.22340425531914893 0.19148936170212766 0.18085106382978725 0.2553191489361702 
0.15841584158415842 0.16831683168316833 0.21782178217821782 0.15841584158415842 0.297029702970297 
0.1625 0.2625 0.225 0.1375 0.2125 
0.19047619047619047 0.17142857142857143 0.17142857142857143 0.18095238095238095 0.2857142857142857 
0.21333333333333335 0.24 0.13333333333333333 0.2 0.21333333333333335 
0.14705882352941177 0.23529411764705882 0.16176470588235295 0.20588235294117646 0.25 
0.2127659574468085 0.2127659574468085 0.1595744680851064 0.1702127659574468 0.24468085106382978 
0.15934065934065933 0.21428571428571427 0.24175824175824176 0.14835164835164835 0.23626373626373626 
0.19736842105263158 0.15789473684210525 0.19736842105263158 0.17105263157894737 0.27631578947368424 
0.17592592592592593 0.18518518518518517 0.2962962962962963 0.12962962962962962 0.21296296296296297 
0.15606936416184972 0.20809248554913296 0.1791907514450867 0.11560693641618497 0.34104046242774566 
0.1346153846153846 0.25961538461538464 0.23076923076923078 0.14423076923076922 0.23076923076923078 
0.19642857142857142 0.19642857142857142 0.17857142857142858 0.21428571428571427 0.21428571428571427 
0.1452991452991453 0.18803418803418803 0.24786324786324787 0.15384615384615385 0.26495726495726496 
0.19672131147540983 0.2459016393442623 0.19672131147540983 0.16393442622950818 0.19672131147540983 
0.16923076923076924 0.35384615384615387 0.12307692307692308 0.13846153846153847 0.2153846153846154 
0.14285714285714285 0.25 0.21428571428571427 0.15476190476190477 0.23809523809523808 
0.14705882352941177 0.29411764705882354 0.16176470588235295 0.16176470588235295 0.23529411764705882 
0.17204301075268819 0.1935483870967742 0.15053763440860216 0.16129032258064516 0.3225806451612903 
0.19540229885057472 0.1839080459770115 0.16091954022988506 0.13793103448275862 0.3218390804597701 
0.19402985074626866 0.16417910447761194 0.1791044776119403 0.1791044776119403 0.2835820895522388 
0.17142857142857143 0.13333333333333333 0.2 0.11428571428571428 0.38095238095238093 
0.14864864864864866 0.1891891891891892 0.24324324324324326 0.16216216216216217 0.25675675675675674 
0.19696969696969696 0.19696969696969696 0.22727272727272727 0.15151515151515152 0.22727272727272727 
0.1527777777777778 0.3055555555555556 0.1388888888888889 0.16666666666666666 0.2361111111111111 
0.18309859154929578 0.2112676056338028 0.2112676056338028 0.18309859154929578 0.2112676056338028 
0.11538461538461539 0.3557692307692308 0.15384615384615385 0.16346153846153846 0.21153846153846154 
0.15025906735751296 0.16062176165803108 0.3005181347150259 0.12435233160621761 0.26424870466321243 
0.22535211267605634 0.18309859154929578 0.18309859154929578 0.14084507042253522 0.2676056338028169 
0.15555555555555556 0.2 0.18888888888888888 0.17777777777777778 0.2777777777777778 
0.1388888888888889 0.18055555555555555 0.1527777777777778 0.18055555555555555 0.3472222222222222 
0.12048192771084337 0.3253012048192771 0.21084337349397592 0.10240963855421686 0.24096385542168675 
0.17592592592592593 0.24074074074074073 0.2037037037037037 0.12962962962962962 0.25 
0.19480519480519481 0.15584415584415584 0.2597402597402597 0.2077922077922078 0.18181818181818182 
0.17333333333333334 0.32 0.16 0.18666666666666668 0.16 
0.1794871794871795 0.24358974358974358 0.15384615384615385 0.15384615384615385 0.2692307692307692 
0.15384615384615385 0.1452991452991453 0.17094017094017094 0.17094017094017094 0.358974358974359 
0.1188118811881188 0.297029702970297 0.13861386138613863 0.1188118811881188 0.32673267326732675 
0.22388059701492538 0.22388059701492538 0.19402985074626866 0.14925373134328357 0.208955223880597 
0.1527777777777778 0.1527777777777778 0.16666666666666666 0.1388888888888889 0.3888888888888889 
0.14285714285714285 0.18571428571428572 0.2 0.17142857142857143 0.3 
0.14473684210526316 0.25 0.18421052631578946 0.13157894736842105 0.2894736842105263 
0.19672131147540983 0.19672131147540983 0.18032786885245902 0.19672131147540983 0.22950819672131148 
0.20652173913043478 0.20652173913043478 0.20652173913043478 0.13043478260869565 0.25 
0.16417910447761194 0.23880597014925373 0.19402985074626866 0.16417910447761194 0.23880597014925373 
0.18085106382978725 0.30851063829787234 0.14893617021276595 0.14893617021276595 0.2127659574468085 
0.20454545454545456 0.2159090909090909 0.14772727272727273 0.17045454545454544 0.26136363636363635 
0.17857142857142858 0.26785714285714285 0.17857142857142858 0.19642857142857142 0.17857142857142858 
0.20833333333333334 0.2638888888888889 0.16666666666666666 0.18055555555555555 0.18055555555555555 
0.1901840490797546 0.3374233128834356 0.1411042944785276 0.1901840490797546 0.1411042944785276 
0.14814814814814814 0.3333333333333333 0.16049382716049382 0.18518518518518517 0.1728395061728395 
0.1380952380952381 0.16666666666666666 0.21428571428571427 0.11904761904761904 0.3619047619047619 
0.16521739130434782 0.10434782608695652 0.1826086956521739 0.16521739130434782 0.3826086956521739 
0.16352201257861634 0.09433962264150944 0.2138364779874214 0.14465408805031446 0.3836477987421384 
0.15 0.22 0.23 0.14 0.26 
0.1368421052631579 0.18947368421052632 0.24210526315789474 0.11578947368421053 0.3157894736842105 
0.15294117647058825 0.15294117647058825 0.2235294117647059 0.11764705882352941 0.35294117647058826 
0.18947368421052632 0.14736842105263157 0.15789473684210525 0.15789473684210525 0.3473684210526316 
0.1827956989247312 0.13978494623655913 0.1935483870967742 0.13978494623655913 0.34408602150537637 
0.17475728155339806 0.20388349514563106 0.1941747572815534 0.1262135922330097 0.30097087378640774 
0.17857142857142858 0.14285714285714285 0.20238095238095238 0.15476190476190477 0.32142857142857145 
0.15942028985507245 0.14492753623188406 0.2028985507246377 0.15942028985507245 0.3333333333333333 
0.25274725274725274 0.3076923076923077 0.14285714285714285 0.12087912087912088 0.17582417582417584 
0.19402985074626866 0.23880597014925373 0.14925373134328357 0.208955223880597 0.208955223880597 
0.12686567164179105 0.5074626865671642 0.12686567164179105 0.1417910447761194 0.09701492537313433 
0.15384615384615385 0.3333333333333333 0.1452991452991453 0.17094017094017094 0.19658119658119658 
0.12716763005780346 0.3699421965317919 0.17341040462427745 0.09248554913294797 0.23699421965317918 
0.1717171717171717 0.2828282828282828 0.1414141414141414 0.16161616161616163 0.24242424242424243 
0.13705583756345177 0.3350253807106599 0.2131979695431472 0.13705583756345177 0.17766497461928935 
0.13392857142857142 0.36607142857142855 0.14285714285714285 0.15178571428571427 0.20535714285714285 
0.13829787234042554 0.26595744680851063 0.1595744680851064 0.19148936170212766 0.24468085106382978 
0.16265060240963855 0.3313253012048193 0.1566265060240964 0.1144578313253012 0.23493975903614459 
0.1506849315068493 0.273972602739726 0.1643835616438356 0.1917808219178082 0.2191780821917808 
0.16666666666666666 0.3125 0.15625 0.13541666666666666 0.22916666666666666 
0.14634146341463414 0.2845528455284553 0.23577235772357724 0.13008130081300814 0.2032520325203252 
0.14606741573033707 0.19101123595505617 0.19101123595505617 0.1797752808988764 0.29213483146067415 
0.1527777777777778 0.2222222222222222 0.18055555555555555 0.2361111111111111 0.20833333333333334 
0.13043478260869565 0.32608695652173914 0.18478260869565216 0.13043478260869565 0.22826086956521738 
0.14545454545454545 0.34545454545454546 0.17272727272727273 0.14545454545454545 0.19090909090909092 
0.15384615384615385 0.26153846153846155 0.23076923076923078 0.13846153846153847 0.2153846153846154 
0.17391304347826086 0.40217391304347827 0.13043478260869565 0.16304347826086957 0.13043478260869565 
0.18064516129032257 0.22580645161290322 0.1870967741935484 0.2 0.2064516129032258 
0.11320754716981132 0.37735849056603776 0.14150943396226415 0.16037735849056603 0.20754716981132076 
0.16595744680851063 0.32340425531914896 0.22127659574468084 0.16170212765957448 0.1276595744680851 
0.15492957746478872 0.29577464788732394 0.16901408450704225 0.14084507042253522 0.23943661971830985 
0.10317460317460317 0.30952380952380953 0.24603174603174602 0.20634920634920634 0.1349206349206349 
0.171875 0.234375 0.171875 0.1875 0.234375 
0.2 0.2962962962962963 0.17777777777777778 0.1259259259259259 0.2 
0.13157894736842105 0.32894736842105265 0.18421052631578946 0.18421052631578946 0.17105263157894737 
0.18012422360248448 0.33540372670807456 0.20496894409937888 0.11801242236024845 0.16149068322981366 
0.14942528735632185 0.3333333333333333 0.14942528735632185 0.19540229885057472 0.1724137931034483 
0.18604651162790697 0.24806201550387597 0.20155038759689922 0.16279069767441862 0.20155038759689922 
0.13953488372093023 0.29069767441860467 0.16279069767441862 0.1744186046511628 0.23255813953488372 
0.1717171717171717 0.2727272727272727 0.16161616161616163 0.15151515151515152 0.24242424242424243 
0.18604651162790697 0.313953488372093 0.1511627906976744 0.18604651162790697 0.16279069767441862 
0.13157894736842105 0.3333333333333333 0.12280701754385964 0.24561403508771928 0.16666666666666666 
0.15942028985507245 0.2608695652173913 0.15942028985507245 0.2028985507246377 0.21739130434782608 
0.2 0.2 0.26153846153846155 0.16923076923076924 0.16923076923076924 
0.1388888888888889 0.3472222222222222 0.16666666666666666 0.18055555555555555 0.16666666666666666 
0.14393939393939395 0.3484848484848485 0.12878787878787878 0.16666666666666666 0.21212121212121213 
0.19540229885057472 0.27586206896551724 0.1839080459770115 0.14942528735632185 0.19540229885057472 
0.14285714285714285 0.25274725274725274 0.25274725274725274 0.2087912087912088 0.14285714285714285 
0.1724137931034483 0.1896551724137931 0.1724137931034483 0.1896551724137931 0.27586206896551724 
0.14678899082568808 0.3577981651376147 0.12844036697247707 0.1834862385321101 0.1834862385321101 
0.16 0.28 0.17333333333333334 0.16 0.22666666666666666 
0.17142857142857143 0.21428571428571427 0.21428571428571427 0.17142857142857143 0.22857142857142856 
0.1780821917808219 0.2465753424657534 0.2328767123287671 0.1780821917808219 0.1643835616438356 
0.11702127659574468 0.40425531914893614 0.13829787234042554 0.20212765957446807 0.13829787234042554 
0.21818181818181817 0.24545454545454545 0.16363636363636364 0.17272727272727273 0.2 
0.13095238095238096 0.2976190476190476 0.16666666666666666 0.2619047619047619 0.14285714285714285 
0.15789473684210525 0.34210526315789475 0.14473684210526316 0.17105263157894737 0.18421052631578946 
0.16470588235294117 0.3176470588235294 0.1411764705882353 0.1411764705882353 0.23529411764705882 
0.18032786885245902 0.26229508196721313 0.21311475409836064 0.16393442622950818 0.18032786885245902 
0.0962566844919786 0.37967914438502676 0.1711229946524064 0.15508021390374332 0.19786096256684493 
0.1527777777777778 0.2777777777777778 0.18055555555555555 0.16666666666666666 0.2222222222222222 
0.14285714285714285 0.2857142857142857 0.12987012987012986 0.2077922077922078 0.23376623376623376 
0.16666666666666666 0.23958333333333334 0.14583333333333334 0.20833333333333334 0.23958333333333334 
0.21311475409836064 0.2459016393442623 0.19672131147540983 0.16393442622950818 0.18032786885245902 
0.1717171717171717 0.32323232323232326 0.15151515151515152 0.18181818181818182 0.1717171717171717 
0.2054794520547945 0.1780821917808219 0.2328767123287671 0.1643835616438356 0.2191780821917808 
0.11382113821138211 0.35772357723577236 0.11382113821138211 0.3089430894308943 0.10569105691056911 
0.1839080459770115 0.2413793103448276 0.21839080459770116 0.1839080459770115 0.1724137931034483 
0.17582417582417584 0.21978021978021978 0.2087912087912088 0.1978021978021978 0.1978021978021978 
0.19444444444444445 0.2962962962962963 0.14814814814814814 0.16666666666666666 0.19444444444444445 
0.1694915254237288 0.288135593220339 0.1694915254237288 0.1694915254237288 0.2033898305084746 
0.1509433962264151 0.37735849056603776 0.18867924528301888 0.11320754716981132 0.16981132075471697 
0.1388888888888889 0.3055555555555556 0.16666666666666666 0.18055555555555555 0.20833333333333334 
0.19753086419753085 0.2716049382716049 0.1728395061728395 0.16049382716049382 0.19753086419753085 
0.16393442622950818 0.2459016393442623 0.16393442622950818 0.19672131147540983 0.22950819672131148 
0.16049382716049382 0.2839506172839506 0.24691358024691357 0.13580246913580246 0.1728395061728395 
0.15942028985507245 0.2753623188405797 0.21739130434782608 0.15942028985507245 0.18840579710144928 
0.11834319526627218 0.3136094674556213 0.15384615384615385 0.21301775147928995 0.20118343195266272 
0.19658119658119658 0.2222222222222222 0.13675213675213677 0.20512820512820512 0.23931623931623933 
0.19298245614035087 0.22807017543859648 0.17543859649122806 0.17543859649122806 0.22807017543859648 
0.15942028985507245 0.2463768115942029 0.2028985507246377 0.17391304347826086 0.21739130434782608 
0.14772727272727273 0.3181818181818182 0.23863636363636365 0.14772727272727273 0.14772727272727273 
0.2112676056338028 0.2535211267605634 0.18309859154929578 0.16901408450704225 0.18309859154929578 
0.16806722689075632 0.3277310924369748 0.15126050420168066 0.13445378151260504 0.2184873949579832 
0.18181818181818182 0.22727272727272727 0.15151515151515152 0.19696969696969696 0.24242424242424243 
0.16 0.408 0.128 0.208 0.096 
0.11278195488721804 0.39849624060150374 0.17293233082706766 0.18045112781954886 0.13533834586466165 
0.12643678160919541 0.2988505747126437 0.21839080459770116 0.13793103448275862 0.21839080459770116 
0.21875 0.28125 0.10625 0.1875 0.20625 
0.16666666666666666 0.20512820512820512 0.15384615384615385 0.16666666666666666 0.3076923076923077 
0.21621621621621623 0.3837837837837838 0.11351351351351352 0.16216216216216217 0.12432432432432433 
0.17333333333333334 0.30666666666666664 0.17333333333333334 0.16 0.18666666666666668 
0.18045112781954886 0.18796992481203006 0.2631578947368421 0.11278195488721804 0.2556390977443609 
0.15625 0.28125 0.1875 0.15625 0.21875 
0.17647058823529413 0.25 0.17647058823529413 0.20588235294117646 0.19117647058823528 
0.14285714285714285 0.3533834586466165 0.18045112781954886 0.20300751879699247 0.12030075187969924 
0.208955223880597 0.26865671641791045 0.14925373134328357 0.14925373134328357 0.22388059701492538 
0.1746031746031746 0.19047619047619047 0.1746031746031746 0.19047619047619047 0.2698412698412698 
0.16101694915254236 0.16101694915254236 0.3559322033898305 0.1016949152542373 0.22033898305084745 
0.21686746987951808 0.14457831325301204 0.25301204819277107 0.1566265060240964 0.2289156626506024 
0.1864406779661017 0.2033898305084746 0.22033898305084745 0.1694915254237288 0.22033898305084745 
0.17105263157894737 0.25 0.19736842105263158 0.15789473684210525 0.2236842105263158 
0.1839080459770115 0.1724137931034483 0.27586206896551724 0.12643678160919541 0.2413793103448276 
0.15555555555555556 0.2222222222222222 0.28888888888888886 0.13333333333333333 0.2 
0.16666666666666666 0.22727272727272727 0.21212121212121213 0.18181818181818182 0.21212121212121213 
0.171875 0.1875 0.296875 0.15625 0.1875 
0.2153846153846154 0.2153846153846154 0.24615384615384617 0.15384615384615385 0.16923076923076924 
0.1724137931034483 0.25862068965517243 0.1896551724137931 0.1896551724137931 0.1896551724137931 
0.18181818181818182 0.21818181818181817 0.2 0.2 0.2 
0.17333333333333334 0.18666666666666668 0.25333333333333335 0.13333333333333333 0.25333333333333335 
0.16 0.17333333333333334 0.16 0.18666666666666668 0.32 
0.1282051282051282 0.3333333333333333 0.16666666666666666 0.16666666666666666 0.20512820512820512 
0.2 0.26666666666666666 0.16 0.2 0.17333333333333334 
0.15267175572519084 0.3511450381679389 0.20610687022900764 0.16793893129770993 0.12213740458015267 
0.17094017094017094 0.24786324786324787 0.21367521367521367 0.2222222222222222 0.1452991452991453 
0.24468085106382978 0.22340425531914893 0.14893617021276595 0.19148936170212766 0.19148936170212766 
0.18888888888888888 0.18888888888888888 0.23333333333333334 0.2 0.18888888888888888 
0.18333333333333332 0.21666666666666667 0.18333333333333332 0.2 0.21666666666666667 
0.24358974358974358 0.20512820512820512 0.15384615384615385 0.1794871794871795 0.21794871794871795 
0.15862068965517243 0.3793103448275862 0.1103448275862069 0.16551724137931034 0.18620689655172415 
0.14772727272727273 0.3181818181818182 0.18181818181818182 0.20454545454545456 0.14772727272727273 
0.16176470588235295 0.3088235294117647 0.16176470588235295 0.22058823529411764 0.14705882352941177 
0.1937984496124031 0.3798449612403101 0.21705426356589147 0.10077519379844961 0.10852713178294573 
0.19298245614035087 0.22807017543859648 0.17543859649122806 0.21052631578947367 0.19298245614035087 
0.1693548387096774 0.2661290322580645 0.18548387096774194 0.27419354838709675 0.10483870967741936 
0.1746031746031746 0.23809523809523808 0.19047619047619047 0.1746031746031746 0.2222222222222222 
0.19090909090909092 0.34545454545454546 0.09090909090909091 0.24545454545454545 0.12727272727272726 
0.18461538461538463 0.2153846153846154 0.2 0.2153846153846154 0.18461538461538463 
0.15151515151515152 0.2727272727272727 0.15151515151515152 0.21212121212121213 0.21212121212121213 
0.176 0.272 0.216 0.192 0.144 
0.20952380952380953 0.14285714285714285 0.21904761904761905 0.13333333333333333 0.29523809523809524 
0.14414414414414414 0.1891891891891892 0.18018018018018017 0.13513513513513514 0.35135135135135137 
0.1728395061728395 0.2037037037037037 0.24074074074074073 0.11728395061728394 0.2654320987654321 
0.19230769230769232 0.19230769230769232 0.21153846153846154 0.19230769230769232 0.21153846153846154 
0.164021164021164 0.24338624338624337 0.21693121693121692 0.18518518518518517 0.19047619047619047 
0.11956521739130435 0.1956521739130435 0.31521739130434784 0.17391304347826086 0.1956521739130435 
0.17355371900826447 0.15702479338842976 0.19834710743801653 0.2066115702479339 0.2644628099173554 
0.10743801652892562 0.21487603305785125 0.2644628099173554 0.17355371900826447 0.2396694214876033 
0.14545454545454545 0.19090909090909092 0.3 0.12727272727272726 0.23636363636363636 
0.21929824561403508 0.19298245614035087 0.23684210526315788 0.13157894736842105 0.21929824561403508 
0.1559633027522936 0.1559633027522936 0.27522935779816515 0.11009174311926606 0.30275229357798167 
0.1643835616438356 0.1643835616438356 0.1506849315068493 0.2054794520547945 0.3150684931506849 
0.14035087719298245 0.16666666666666666 0.19298245614035087 0.09649122807017543 0.40350877192982454 
0.1956521739130435 0.14130434782608695 0.17391304347826086 0.18478260869565216 0.30434782608695654 
0.15625 0.171875 0.3125 0.15625 0.203125 
0.1320754716981132 0.12264150943396226 0.42452830188679247 0.11320754716981132 0.20754716981132076 
0.2 0.12727272727272726 0.35454545454545455 0.13636363636363635 0.18181818181818182 
0.16470588235294117 0.1 0.43529411764705883 0.10588235294117647 0.19411764705882353 
0.13157894736842105 0.13157894736842105 0.43859649122807015 0.14912280701754385 0.14912280701754385 
0.16455696202531644 0.1518987341772152 0.3291139240506329 0.1518987341772152 0.20253164556962025 
0.16838487972508592 0.08934707903780069 0.43986254295532645 0.06529209621993128 0.23711340206185566 
0.13513513513513514 0.16216216216216217 0.36036036036036034 0.2072072072072072 0.13513513513513514 
0.16666666666666666 0.15384615384615385 0.32051282051282054 0.1794871794871795 0.1794871794871795 
0.2524271844660194 0.10679611650485436 0.30097087378640774 0.1553398058252427 0.18446601941747573 
0.16 0.14 0.34 0.18 0.18 
0.1322314049586777 0.2066115702479339 0.36363636363636365 0.1322314049586777 0.1652892561983471 
0.20279720279720279 0.14685314685314685 0.35664335664335667 0.16083916083916083 0.13286713286713286 
0.12121212121212122 0.1414141414141414 0.31313131313131315 0.13131313131313133 0.29292929292929293 
0.19665271966527198 0.07112970711297072 0.5523012552301255 0.06694560669456066 0.11297071129707113 
0.16666666666666666 0.16666666666666666 0.22727272727272727 0.19696969696969696 0.24242424242424243 
0.16363636363636364 0.10909090909090909 0.4 0.16363636363636364 0.16363636363636364 
0.18518518518518517 0.19753086419753085 0.2345679012345679 0.1728395061728395 0.20987654320987653 
0.13095238095238096 0.16666666666666666 0.27380952380952384 0.17857142857142858 0.25 
0.20634920634920634 0.20634920634920634 0.19047619047619047 0.19047619047619047 0.20634920634920634 
0.14285714285714285 0.125 0.33035714285714285 0.21428571428571427 0.1875 
0.175 0.1375 0.3375 0.15 0.2 
0.20618556701030927 0.13402061855670103 0.36082474226804123 0.1134020618556701 0.18556701030927836 
0.2 0.15714285714285714 0.21428571428571427 0.17142857142857143 0.2571428571428571 
0.15151515151515152 0.15151515151515152 0.2878787878787879 0.21212121212121213 0.19696969696969696 
0.22340425531914893 0.11702127659574468 0.2978723404255319 0.1702127659574468 0.19148936170212766 
0.15463917525773196 0.12371134020618557 0.35051546391752575 0.15463917525773196 0.21649484536082475 
0.20833333333333334 0.1388888888888889 0.3680555555555556 0.09027777777777778 0.19444444444444445 
0.1896551724137931 0.1724137931034483 0.20689655172413793 0.1724137931034483 0.25862068965517243 
0.16521739130434782 0.13043478260869565 0.3826086956521739 0.1391304347826087 0.1826086956521739 
0.16666666666666666 0.18055555555555555 0.2222222222222222 0.1527777777777778 0.2777777777777778 
0.20212765957446807 0.13829787234042554 0.2872340425531915 0.1595744680851064 0.2127659574468085 
0.13157894736842105 0.17105263157894737 0.25 0.17105263157894737 0.27631578947368424 
0.18333333333333332 0.23333333333333334 0.23333333333333334 0.16666666666666666 0.18333333333333332 
0.20408163265306123 0.11224489795918367 0.2653061224489796 0.15306122448979592 0.2653061224489796 
0.16 0.14666666666666667 0.24 0.18666666666666668 0.26666666666666666 
0.17857142857142858 0.12142857142857143 0.4142857142857143 0.07857142857142857 0.20714285714285716 
0.20270270270270271 0.17567567567567569 0.1891891891891892 0.17567567567567569 0.25675675675675674 
0.136986301369863 0.1506849315068493 0.2191780821917808 0.2191780821917808 0.273972602739726 
0.19642857142857142 0.09821428571428571 0.30357142857142855 0.11607142857142858 0.2857142857142857 
0.20202020202020202 0.1414141414141414 0.3333333333333333 0.12121212121212122 0.20202020202020202 
0.1780821917808219 0.1780821917808219 0.273972602739726 0.1917808219178082 0.1780821917808219 
0.19642857142857142 0.19642857142857142 0.23214285714285715 0.17857142857142858 0.19642857142857142 
0.171875 0.1875 0.1875 0.171875 0.28125 
0.16129032258064516 0.20967741935483872 0.20967741935483872 0.16129032258064516 0.25806451612903225 
0.1746031746031746 0.15873015873015872 0.2857142857142857 0.19047619047619047 0.19047619047619047 
0.21621621621621623 0.12612612612612611 0.35135135135135137 0.12612612612612611 0.18018018018018017 
0.1935483870967742 0.16129032258064516 0.25806451612903225 0.16129032258064516 0.22580645161290322 
0.17647058823529413 0.12745098039215685 0.3431372549019608 0.12745098039215685 0.22549019607843138 
0.16129032258064516 0.16129032258064516 0.1774193548387097 0.1774193548387097 0.3225806451612903 
0.1728395061728395 0.19753086419753085 0.20987654320987653 0.13580246913580246 0.2839506172839506 
0.14953271028037382 0.14018691588785046 0.205607476635514 0.1308411214953271 0.37383177570093457 
0.1511627906976744 0.1511627906976744 0.22093023255813954 0.18604651162790697 0.29069767441860467 
0.14925373134328357 0.23880597014925373 0.16417910447761194 0.2537313432835821 0.19402985074626866 
0.2018348623853211 0.11926605504587157 0.22018348623853212 0.11009174311926606 0.3486238532110092 
0.203125 0.234375 0.1875 0.15625 0.21875 
0.21052631578947367 0.15789473684210525 0.14473684210526316 0.19736842105263158 0.2894736842105263 
0.14468085106382977 0.1276595744680851 0.41702127659574467 0.07234042553191489 0.23829787234042554 
0.1322314049586777 0.1487603305785124 0.21487603305785125 0.14049586776859505 0.36363636363636365 
0.16326530612244897 0.12244897959183673 0.2755102040816326 0.12244897959183673 0.3163265306122449 
0.15841584158415842 0.09900990099009901 0.25742574257425743 0.1485148514851485 0.33663366336633666 
0.13903743315508021 0.06417112299465241 0.25133689839572193 0.0748663101604278 0.47058823529411764 
0.11711711711711711 0.18018018018018017 0.24324324324324326 0.14414414414414414 0.3153153153153153 
0.20670391061452514 0.1340782122905028 0.2849162011173184 0.09497206703910614 0.27932960893854747 
0.19642857142857142 0.17857142857142858 0.17857142857142858 0.17857142857142858 0.26785714285714285 
0.1917808219178082 0.1643835616438356 0.2191780821917808 0.1780821917808219 0.2465753424657534 
0.18461538461538463 0.16923076923076924 0.24615384615384617 0.15384615384615385 0.24615384615384617 
0.16666666666666666 0.14444444444444443 0.2111111111111111 0.2 0.2777777777777778 
0.1375 0.275 0.15 0.175 0.2625 
0.09821428571428571 0.5029761904761905 0.13392857142857142 0.125 0.13988095238095238 
0.16161616161616163 0.1919191919191919 0.1717171717171717 0.1414141414141414 0.3333333333333333 
0.1276595744680851 0.23404255319148937 0.18085106382978725 0.2127659574468085 0.24468085106382978 
0.14960629921259844 0.23622047244094488 0.25984251968503935 0.16535433070866143 0.1889763779527559 
0.17142857142857143 0.17142857142857143 0.21428571428571427 0.15714285714285714 0.2857142857142857 
0.12941176470588237 0.21176470588235294 0.22941176470588234 0.3352941176470588 0.09411764705882353 
0.14285714285714285 0.23809523809523808 0.16666666666666666 0.15476190476190477 0.2976190476190476 
0.19047619047619047 0.17857142857142858 0.19047619047619047 0.13095238095238096 0.30952380952380953 
0.15833333333333333 0.325 0.15833333333333333 0.15833333333333333 0.2 
0.13529411764705881 0.2 0.29411764705882354 0.07647058823529412 0.29411764705882354 
0.13924050632911392 0.13924050632911392 0.31645569620253167 0.16455696202531644 0.24050632911392406 
0.07878787878787878 0.40606060606060607 0.17575757575757575 0.10909090909090909 0.23030303030303031 
0.1111111111111111 0.24242424242424243 0.25252525252525254 0.16161616161616163 0.23232323232323232 
0.12962962962962962 0.2037037037037037 0.2777777777777778 0.17592592592592593 0.21296296296296297 
0.1891891891891892 0.22972972972972974 0.1891891891891892 0.16216216216216217 0.22972972972972974 
0.1271186440677966 0.22033898305084745 0.1271186440677966 0.19491525423728814 0.3305084745762712 
0.19402985074626866 0.22388059701492538 0.1791044776119403 0.16417910447761194 0.23880597014925373 
0.1746031746031746 0.2698412698412698 0.15873015873015872 0.19047619047619047 0.20634920634920634 
0.16901408450704225 0.2676056338028169 0.18309859154929578 0.2112676056338028 0.16901408450704225 
0.16346153846153846 0.2980769230769231 0.15384615384615385 0.19230769230769232 0.19230769230769232 
0.2 0.18181818181818182 0.18181818181818182 0.18181818181818182 0.2545454545454545 
0.20481927710843373 0.21686746987951808 0.20481927710843373 0.1566265060240964 0.21686746987951808 
0.24 0.22666666666666666 0.18666666666666668 0.16 0.18666666666666668 
0.1417910447761194 0.26119402985074625 0.19402985074626866 0.16417910447761194 0.23880597014925373 
0.1774193548387097 0.22580645161290322 0.1774193548387097 0.24193548387096775 0.1774193548387097 
0.11956521739130435 0.25 0.1956521739130435 0.22826086956521738 0.20652173913043478 
0.09146341463414634 0.23170731707317074 0.2073170731707317 0.1402439024390244 0.32926829268292684 
0.11688311688311688 0.2857142857142857 0.24675324675324675 0.18831168831168832 0.16233766233766234 
0.06857142857142857 0.44 0.22857142857142856 0.14285714285714285 0.12 
0.15 0.325 0.175 0.15 0.2 
0.09523809523809523 0.3047619047619048 0.1523809523809524 0.19047619047619047 0.2571428571428571 
0.16883116883116883 0.24675324675324675 0.16883116883116883 0.19480519480519481 0.22077922077922077 
0.18620689655172415 0.2620689655172414 0.19310344827586207 0.21379310344827587 0.14482758620689656 
0.1917808219178082 0.2054794520547945 0.1506849315068493 0.1780821917808219 0.273972602739726 
0.1388888888888889 0.3148148148148148 0.1574074074074074 0.21296296296296297 0.17592592592592593 
0.1527777777777778 0.25 0.2361111111111111 0.16666666666666666 0.19444444444444445 
0.1774193548387097 0.24193548387096775 0.1774193548387097 0.1935483870967742 0.20967741935483872 
0.136 0.288 0.176 0.208 0.192 
0.16883116883116883 0.18181818181818182 0.3246753246753247 0.16883116883116883 0.15584415584415584 
0.16964285714285715 0.125 0.39285714285714285 0.10714285714285714 0.20535714285714285 
0.1724137931034483 0.14942528735632185 0.1724137931034483 0.12643678160919541 0.3793103448275862 
0.24390243902439024 0.17073170731707318 0.17073170731707318 0.13414634146341464 0.2804878048780488 
0.14736842105263157 0.2736842105263158 0.15789473684210525 0.10526315789473684 0.3157894736842105 
0.16417910447761194 0.1791044776119403 0.23880597014925373 0.14925373134328357 0.26865671641791045 
0.11956521739130435 0.21739130434782608 0.2717391304347826 0.10869565217391304 0.2826086956521739 
0.19101123595505617 0.19101123595505617 0.1797752808988764 0.16853932584269662 0.2696629213483146 
0.1527777777777778 0.2777777777777778 0.1388888888888889 0.18055555555555555 0.25 
