0.1518987341772152 0.189873417721519 0.20253164556962025 0.189873417721519 0.26582278481012656 
0.208955223880597 0.1791044776119403 0.14925373134328357 0.2537313432835821 0.208955223880597 
0.15873015873015872 0.20634920634920634 0.20634920634920634 0.2698412698412698 0.15873015873015872 
0.1651376146788991 0.1651376146788991 0.28440366972477066 0.1834862385321101 0.2018348623853211 
0.1794871794871795 0.1282051282051282 0.358974358974359 0.16666666666666666 0.16666666666666666 
0.24324324324324326 0.13513513513513514 0.2702702702702703 0.14864864864864866 0.20270270270270271 
0.1650485436893204 0.1262135922330097 0.39805825242718446 0.14563106796116504 0.1650485436893204 
0.19008264462809918 0.1487603305785124 0.1487603305785124 0.33884297520661155 0.17355371900826447 
0.19230769230769232 0.20512820512820512 0.16666666666666666 0.15384615384615385 0.28205128205128205 
0.1643835616438356 0.2602739726027397 0.1917808219178082 0.136986301369863 0.2465753424657534 
0.0958904109589041 0.15753424657534246 0.2671232876712329 0.13013698630136986 0.3493150684931507 
0.1262135922330097 0.20388349514563106 0.27184466019417475 0.1650485436893204 0.23300970873786409 
0.15555555555555556 0.24444444444444444 0.14444444444444443 0.17777777777777778 0.2777777777777778 
0.14606741573033707 0.24719101123595505 0.23595505617977527 0.11235955056179775 0.25842696629213485 
0.125 0.2717391304347826 0.17391304347826086 0.08152173913043478 0.34782608695652173 
0.15714285714285714 0.2 0.21428571428571427 0.15714285714285714 0.2714285714285714 
0.13043478260869565 0.13043478260869565 0.16304347826086957 0.11956521739130435 0.45652173913043476 
0.15384615384615385 0.20512820512820512 0.21794871794871795 0.15384615384615385 0.2692307692307692 
0.13924050632911392 0.13924050632911392 0.2911392405063291 0.13924050632911392 0.2911392405063291 
0.17391304347826086 0.21739130434782608 0.2608695652173913 0.14492753623188406 0.2028985507246377 
0.1935483870967742 0.27419354838709675 0.1935483870967742 0.16129032258064516 0.1774193548387097 
0.2033898305084746 0.1864406779661017 0.1864406779661017 0.1694915254237288 0.2542372881355932 
0.2358490566037736 0.16981132075471697 0.2169811320754717 0.19811320754716982 0.1792452830188679 
0.10317460317460317 0.23015873015873015 0.2619047619047619 0.20634920634920634 0.1984126984126984 
0.16666666666666666 0.2222222222222222 0.2222222222222222 0.16666666666666666 0.2222222222222222 
0.11258278145695365 0.2251655629139073 0.36423841059602646 0.1456953642384106 0.152317880794702 
0.12337662337662338 0.14935064935064934 0.3116883116883117 0.2077922077922078 0.2077922077922078 
0.1310344827586207 0.2896551724137931 0.25517241379310346 0.19310344827586207 0.1310344827586207 
0.16774193548387098 0.14193548387096774 0.34838709677419355 0.18064516129032257 0.16129032258064516 
0.18032786885245902 0.22950819672131148 0.21311475409836064 0.19672131147540983 0.18032786885245902 
0.1574074074074074 0.24074074074074073 0.2962962962962963 0.12962962962962962 0.17592592592592593 
0.203125 0.21875 0.203125 0.203125 0.171875 
0.1830065359477124 0.24183006535947713 0.20915032679738563 0.20261437908496732 0.16339869281045752 
0.16666666666666666 0.25757575757575757 0.25757575757575757 0.16666666666666666 0.15151515151515152 
0.144 0.176 0.32 0.16 0.2 
0.1896551724137931 0.1724137931034483 0.20689655172413793 0.1896551724137931 0.2413793103448276 
0.13333333333333333 0.17333333333333334 0.30666666666666664 0.2 0.18666666666666668 
0.1554054054054054 0.3783783783783784 0.18243243243243243 0.12162162162162163 0.16216216216216217 
0.13333333333333333 0.17777777777777778 0.3111111111111111 0.16666666666666666 0.2111111111111111 
0.15942028985507245 0.2318840579710145 0.2898550724637681 0.15942028985507245 0.15942028985507245 
0.16 0.19 0.26 0.18 0.21 
0.19148936170212766 0.19148936170212766 0.3404255319148936 0.13829787234042554 0.13829787234042554 
0.1511627906976744 0.23255813953488372 0.3023255813953488 0.13953488372093023 0.1744186046511628 
0.17582417582417584 0.15384615384615385 0.2087912087912088 0.27472527472527475 0.18681318681318682 
0.13829787234042554 0.23404255319148937 0.32978723404255317 0.1595744680851064 0.13829787234042554 
0.21818181818181817 0.21818181818181817 0.22727272727272727 0.14545454545454545 0.19090909090909092 
0.12307692307692308 0.1794871794871795 0.4512820512820513 0.14871794871794872 0.09743589743589744 
0.13366336633663367 0.13861386138613863 0.1485148514851485 0.49504950495049505 0.08415841584158416 
0.171875 0.1875 0.1875 0.296875 0.15625 
0.16901408450704225 0.2112676056338028 0.16901408450704225 0.29577464788732394 0.15492957746478872 
0.22580645161290322 0.16129032258064516 0.15053763440860216 0.23655913978494625 0.22580645161290322 
0.20689655172413793 0.1896551724137931 0.20689655172413793 0.1896551724137931 0.20689655172413793 
0.17391304347826086 0.2028985507246377 0.2753623188405797 0.15942028985507245 0.18840579710144928 
0.25396825396825395 0.1746031746031746 0.1746031746031746 0.1746031746031746 0.2222222222222222 
0.14432989690721648 0.14432989690721648 0.31958762886597936 0.14432989690721648 0.24742268041237114 
0.2318840579710145 0.17391304347826086 0.21739130434782608 0.15942028985507245 0.21739130434782608 
0.18867924528301888 0.18867924528301888 0.22641509433962265 0.18867924528301888 0.20754716981132076 
0.29591836734693877 0.23469387755102042 0.16326530612244897 0.15306122448979592 0.15306122448979592 
0.1875 0.1875 0.203125 0.171875 0.25 
0.21176470588235294 0.3058823529411765 0.19411764705882353 0.17647058823529413 0.11176470588235295 
0.2 0.2736842105263158 0.14736842105263157 0.17894736842105263 0.2 
0.19090909090909092 0.13636363636363635 0.32727272727272727 0.16363636363636364 0.18181818181818182 
0.2602739726027397 0.2465753424657534 0.1643835616438356 0.136986301369863 0.1917808219178082 
0.2903225806451613 0.16129032258064516 0.1774193548387097 0.16129032258064516 0.20967741935483872 
0.21621621621621623 0.24324324324324326 0.14864864864864866 0.17567567567567569 0.21621621621621623 
0.23148148148148148 0.21296296296296297 0.23148148148148148 0.1574074074074074 0.16666666666666666 
0.3724696356275304 0.1862348178137652 0.0728744939271255 0.2591093117408907 0.10931174089068826 
0.10138248847926268 0.2857142857142857 0.3317972350230415 0.07373271889400922 0.2073732718894009 
0.12345679012345678 0.20987654320987653 0.20987654320987653 0.24691358024691357 0.20987654320987653 
0.16161616161616163 0.18181818181818182 0.20202020202020202 0.1919191919191919 0.26262626262626265 
0.23214285714285715 0.17857142857142858 0.23214285714285715 0.17857142857142858 0.17857142857142858 
0.23880597014925373 0.16417910447761194 0.16417910447761194 0.22388059701492538 0.208955223880597 
0.18974358974358974 0.2512820512820513 0.09743589743589744 0.29743589743589743 0.1641025641025641 
0.20408163265306123 0.16326530612244897 0.2857142857142857 0.24489795918367346 0.10204081632653061 
0.18604651162790697 0.19767441860465115 0.2441860465116279 0.16279069767441862 0.20930232558139536 
0.23595505617977527 0.1348314606741573 0.11235955056179775 0.30337078651685395 0.21348314606741572 
0.23148148148148148 0.24074074074074073 0.10185185185185185 0.32407407407407407 0.10185185185185185 
0.2558139534883721 0.12790697674418605 0.13953488372093023 0.3023255813953488 0.1744186046511628 
0.17117117117117117 0.15315315315315314 0.17117117117117117 0.35135135135135137 0.15315315315315314 
0.1724137931034483 0.25862068965517243 0.1896551724137931 0.1896551724137931 0.1896551724137931 
0.2153846153846154 0.2153846153846154 0.16923076923076924 0.2153846153846154 0.18461538461538463 
0.14678899082568808 0.14678899082568808 0.26605504587155965 0.24770642201834864 0.1926605504587156 
0.35 0.1375 0.175 0.15 0.1875 
0.22727272727272727 0.16666666666666666 0.18181818181818182 0.16666666666666666 0.25757575757575757 
0.24489795918367346 0.16326530612244897 0.15306122448979592 0.32653061224489793 0.11224489795918367 
0.22151898734177214 0.189873417721519 0.17088607594936708 0.2468354430379747 0.17088607594936708 
0.20606060606060606 0.15757575757575756 0.1393939393939394 0.3575757575757576 0.1393939393939394 
0.19047619047619047 0.2222222222222222 0.10317460317460317 0.30158730158730157 0.18253968253968253 
0.1978021978021978 0.15384615384615385 0.3626373626373626 0.13186813186813187 0.15384615384615385 
0.18269230769230768 0.17307692307692307 0.25 0.125 0.2692307692307692 
0.18888888888888888 0.2 0.18888888888888888 0.2222222222222222 0.2 
0.14545454545454545 0.24545454545454545 0.22727272727272727 0.18181818181818182 0.2 
0.13008130081300814 0.16260162601626016 0.16260162601626016 0.12195121951219512 0.42276422764227645 
0.19090909090909092 0.15454545454545454 0.19090909090909092 0.10909090909090909 0.35454545454545455 
0.15315315315315314 0.18018018018018017 0.1981981981981982 0.14414414414414414 0.32432432432432434 
0.1728395061728395 0.1728395061728395 0.2716049382716049 0.14814814814814814 0.2345679012345679 
0.2 0.17894736842105263 0.21052631578947367 0.24210526315789474 0.16842105263157894 
0.13068181818181818 0.1590909090909091 0.2159090909090909 0.11931818181818182 0.375 
0.09210526315789473 0.19078947368421054 0.21710526315789475 0.17105263157894737 0.32894736842105265 
0.14864864864864866 0.20270270270270271 0.28378378378378377 0.14864864864864866 0.21621621621621623 
0.0918918918918919 0.12972972972972974 0.15675675675675677 0.1945945945945946 0.42702702702702705 
0.14705882352941177 0.13725490196078433 0.19607843137254902 0.12745098039215685 0.39215686274509803 
0.15447154471544716 0.23577235772357724 0.13821138211382114 0.16260162601626016 0.3089430894308943 
0.19444444444444445 0.1527777777777778 0.2916666666666667 0.16666666666666666 0.19444444444444445 
0.24096385542168675 0.1927710843373494 0.14457831325301204 0.13253012048192772 0.2891566265060241 
0.136986301369863 0.2191780821917808 0.1780821917808219 0.1506849315068493 0.3150684931506849 
0.1702127659574468 0.13829787234042554 0.2553191489361702 0.10638297872340426 0.32978723404255317 
0.21839080459770116 0.1839080459770115 0.2413793103448276 0.13793103448275862 0.21839080459770116 
0.14893617021276595 0.1702127659574468 0.19148936170212766 0.1702127659574468 0.3191489361702128 
0.19117647058823528 0.14705882352941177 0.22058823529411764 0.14705882352941177 0.29411764705882354 
0.11764705882352941 0.27205882352941174 0.09558823529411764 0.14705882352941177 0.36764705882352944 
0.23636363636363636 0.21818181818181817 0.18181818181818182 0.14545454545454545 0.21818181818181817 
0.1509433962264151 0.2358490566037736 0.2169811320754717 0.19811320754716982 0.19811320754716982 
0.17142857142857143 0.17142857142857143 0.17142857142857143 0.2857142857142857 0.2 
0.1588785046728972 0.17757009345794392 0.1308411214953271 0.24299065420560748 0.2897196261682243 
0.1935483870967742 0.1774193548387097 0.22580645161290322 0.16129032258064516 0.24193548387096775 
0.14482758620689656 0.23448275862068965 0.18620689655172415 0.15862068965517243 0.27586206896551724 
0.18867924528301888 0.18867924528301888 0.22641509433962265 0.18867924528301888 0.20754716981132076 
0.19480519480519481 0.15584415584415584 0.23376623376623376 0.23376623376623376 0.18181818181818182 
0.24285714285714285 0.18571428571428572 0.2714285714285714 0.15714285714285714 0.14285714285714285 
0.13821138211382114 0.43902439024390244 0.16260162601626016 0.11382113821138211 0.14634146341463414 
0.2722772277227723 0.29207920792079206 0.11386138613861387 0.1782178217821782 0.14356435643564355 
0.2882882882882883 0.1891891891891892 0.16216216216216217 0.11711711711711711 0.24324324324324326 
0.32051282051282054 0.1282051282051282 0.19230769230769232 0.15384615384615385 0.20512820512820512 
0.23333333333333334 0.13333333333333333 0.2222222222222222 0.2 0.2111111111111111 
0.1724137931034483 0.20689655172413793 0.25862068965517243 0.14655172413793102 0.21551724137931033 
0.21839080459770116 0.25287356321839083 0.13793103448275862 0.2413793103448276 0.14942528735632185 
0.16883116883116883 0.2077922077922078 0.24675324675324675 0.2077922077922078 0.16883116883116883 
0.1875 0.225 0.175 0.1875 0.225 
0.15384615384615385 0.1794871794871795 0.24358974358974358 0.20512820512820512 0.21794871794871795 
0.20833333333333334 0.20833333333333334 0.1527777777777778 0.20833333333333334 0.2222222222222222 
0.1896551724137931 0.20689655172413793 0.22413793103448276 0.1896551724137931 0.1896551724137931 
0.16 0.112 0.272 0.144 0.312 
0.18604651162790697 0.18604651162790697 0.19767441860465115 0.16279069767441862 0.26744186046511625 
0.21212121212121213 0.16666666666666666 0.18181818181818182 0.2727272727272727 0.16666666666666666 
0.23333333333333334 0.21666666666666667 0.18333333333333332 0.2 0.16666666666666666 
0.3576158940397351 0.15894039735099338 0.11920529801324503 0.25165562913907286 0.11258278145695365 
0.25333333333333335 0.14666666666666667 0.2 0.2 0.2 
0.19014084507042253 0.1267605633802817 0.19718309859154928 0.1056338028169014 0.38028169014084506 
0.15853658536585366 0.17073170731707318 0.2926829268292683 0.12195121951219512 0.25609756097560976 
0.15151515151515152 0.24242424242424243 0.21212121212121213 0.16666666666666666 0.22727272727272727 
0.22580645161290322 0.1774193548387097 0.1774193548387097 0.1774193548387097 0.24193548387096775 
0.14285714285714285 0.15966386554621848 0.15126050420168066 0.14285714285714285 0.40336134453781514 
0.21212121212121213 0.17424242424242425 0.14393939393939395 0.13636363636363635 0.3333333333333333 
0.19902912621359223 0.1262135922330097 0.1650485436893204 0.0825242718446602 0.42718446601941745 
0.12280701754385964 0.15789473684210525 0.18421052631578946 0.24561403508771928 0.2894736842105263 
0.15217391304347827 0.2898550724637681 0.15942028985507245 0.15217391304347827 0.2463768115942029 
0.17333333333333334 0.22666666666666666 0.18666666666666668 0.16 0.25333333333333335 
0.19298245614035087 0.21052631578947367 0.22807017543859648 0.17543859649122806 0.19298245614035087 
0.2 0.16 0.32 0.15 0.17 
0.14285714285714285 0.15476190476190477 0.3333333333333333 0.21428571428571427 0.15476190476190477 
0.24324324324324326 0.1891891891891892 0.22972972972972974 0.14864864864864866 0.1891891891891892 
0.2 0.2 0.2 0.18181818181818182 0.21818181818181817 
0.1717171717171717 0.2222222222222222 0.29292929292929293 0.1414141414141414 0.1717171717171717 
0.1592920353982301 0.168141592920354 0.23893805309734514 0.1592920353982301 0.2743362831858407 
0.1717171717171717 0.3333333333333333 0.1717171717171717 0.1414141414141414 0.18181818181818182 
0.2018348623853211 0.3669724770642202 0.13761467889908258 0.13761467889908258 0.1559633027522936 
0.23076923076923078 0.23076923076923078 0.2 0.15384615384615385 0.18461538461538463 
0.1839080459770115 0.3103448275862069 0.16091954022988506 0.14942528735632185 0.19540229885057472 
0.21666666666666667 0.21666666666666667 0.18333333333333332 0.16666666666666666 0.21666666666666667 
0.2571428571428571 0.2571428571428571 0.15714285714285714 0.15714285714285714 0.17142857142857143 
0.09782608695652174 0.17391304347826086 0.16304347826086957 0.27717391304347827 0.28804347826086957 
0.16346153846153846 0.16346153846153846 0.23076923076923078 0.20192307692307693 0.2403846153846154 
0.2028985507246377 0.2028985507246377 0.2028985507246377 0.2318840579710145 0.15942028985507245 
0.147239263803681 0.15950920245398773 0.147239263803681 0.2147239263803681 0.3312883435582822 
0.14942528735632185 0.13793103448275862 0.25287356321839083 0.20689655172413793 0.25287356321839083 
0.1592920353982301 0.19469026548672566 0.23008849557522124 0.22123893805309736 0.19469026548672566 
0.23178807947019867 0.1390728476821192 0.26490066225165565 0.15894039735099338 0.2052980132450331 
0.1694915254237288 0.22033898305084745 0.1864406779661017 0.1864406779661017 0.23728813559322035 
0.13529411764705881 0.17058823529411765 0.19411764705882353 0.17647058823529413 0.3235294117647059 
0.2079207920792079 0.19801980198019803 0.1485148514851485 0.18811881188118812 0.25742574257425743 
0.23076923076923078 0.16923076923076924 0.18461538461538463 0.18461538461538463 0.23076923076923078 
0.1013215859030837 0.11013215859030837 0.18502202643171806 0.14977973568281938 0.45374449339207046 
0.19672131147540983 0.19672131147540983 0.18032786885245902 0.16393442622950818 0.26229508196721313 
0.15730337078651685 0.1797752808988764 0.23595505617977527 0.16853932584269662 0.25842696629213485 
0.20833333333333334 0.25 0.125 0.14583333333333334 0.2708333333333333 
0.140625 0.1484375 0.375 0.1640625 0.171875 
0.22123893805309736 0.168141592920354 0.336283185840708 0.11504424778761062 0.1592920353982301 
0.19047619047619047 0.16666666666666666 0.3333333333333333 0.15476190476190477 0.15476190476190477 
0.2 0.2 0.22857142857142856 0.17142857142857143 0.2 
0.17543859649122806 0.17543859649122806 0.24561403508771928 0.19298245614035087 0.21052631578947367 
0.15151515151515152 0.18181818181818182 0.30303030303030304 0.18181818181818182 0.18181818181818182 
0.17391304347826086 0.18840579710144928 0.2753623188405797 0.17391304347826086 0.18840579710144928 
0.17829457364341086 0.12403100775193798 0.3643410852713178 0.12403100775193798 0.20930232558139536 
0.2033898305084746 0.1864406779661017 0.22033898305084745 0.1864406779661017 0.2033898305084746 
0.19540229885057472 0.16091954022988506 0.26436781609195403 0.14942528735632185 0.22988505747126436 
0.14728682170542637 0.14728682170542637 0.40310077519379844 0.12403100775193798 0.17829457364341086 
0.16455696202531644 0.16455696202531644 0.27848101265822783 0.189873417721519 0.20253164556962025 
0.10434782608695652 0.20869565217391303 0.3391304347826087 0.14782608695652175 0.2 
0.15789473684210525 0.28421052631578947 0.2736842105263158 0.14736842105263157 0.1368421052631579 
0.14772727272727273 0.13636363636363635 0.375 0.14772727272727273 0.19318181818181818 
0.12994350282485875 0.22033898305084745 0.1977401129943503 0.3446327683615819 0.10734463276836158 
0.14473684210526316 0.18421052631578946 0.34210526315789475 0.14473684210526316 0.18421052631578946 
0.1746031746031746 0.19047619047619047 0.25396825396825395 0.1746031746031746 0.20634920634920634 
0.1896551724137931 0.13793103448275862 0.3706896551724138 0.13793103448275862 0.16379310344827586 
0.15625 0.203125 0.25 0.171875 0.21875 
0.11764705882352941 0.17647058823529413 0.3411764705882353 0.2 0.16470588235294117 
0.17045454545454544 0.23863636363636365 0.22727272727272727 0.17045454545454544 0.19318181818181818 
0.17647058823529413 0.25 0.22058823529411764 0.16176470588235295 0.19117647058823528 
0.13445378151260504 0.17647058823529413 0.3025210084033613 0.2184873949579832 0.16806722689075632 
0.24175824175824176 0.12087912087912088 0.2967032967032967 0.18681318681318682 0.15384615384615385 
0.14583333333333334 0.14583333333333334 0.4027777777777778 0.1111111111111111 0.19444444444444445 
0.13253012048192772 0.18072289156626506 0.2891566265060241 0.1566265060240964 0.24096385542168675 
0.1744186046511628 0.19767441860465115 0.26744186046511625 0.18604651162790697 0.1744186046511628 
0.2631578947368421 0.14736842105263157 0.18947368421052632 0.16842105263157894 0.23157894736842105 
0.14465408805031446 0.1949685534591195 0.3270440251572327 0.13836477987421383 0.1949685534591195 
0.23478260869565218 0.17391304347826086 0.22608695652173913 0.1826086956521739 0.1826086956521739 
0.09375 0.25 0.296875 0.1328125 0.2265625 
0.1728395061728395 0.18518518518518517 0.3333333333333333 0.14814814814814814 0.16049382716049382 
0.14130434782608695 0.16304347826086957 0.2826086956521739 0.18478260869565216 0.22826086956521738 
0.2222222222222222 0.18055555555555555 0.2222222222222222 0.18055555555555555 0.19444444444444445 
0.15476190476190477 0.14285714285714285 0.2857142857142857 0.2261904761904762 0.19047619047619047 
0.2711864406779661 0.1864406779661017 0.1864406779661017 0.1694915254237288 0.1864406779661017 
0.24193548387096775 0.16129032258064516 0.20967741935483872 0.20967741935483872 0.1774193548387097 
0.15492957746478872 0.19718309859154928 0.19718309859154928 0.23943661971830985 0.2112676056338028 
0.14583333333333334 0.22916666666666666 0.2708333333333333 0.17708333333333334 0.17708333333333334 
0.1794871794871795 0.19230769230769232 0.23076923076923078 0.14102564102564102 0.2564102564102564 
0.16417910447761194 0.19402985074626866 0.22388059701492538 0.208955223880597 0.208955223880597 
0.12254901960784313 0.18137254901960784 0.22549019607843138 0.22549019607843138 0.24509803921568626 
0.13157894736842105 0.24561403508771928 0.21052631578947367 0.19298245614035087 0.21929824561403508 
0.2222222222222222 0.14444444444444443 0.3111111111111111 0.15555555555555556 0.16666666666666666 
0.16666666666666666 0.19444444444444445 0.3055555555555556 0.1388888888888889 0.19444444444444445 
0.17333333333333334 0.18666666666666668 0.25333333333333335 0.16 0.22666666666666666 
0.22580645161290322 0.16129032258064516 0.22580645161290322 0.1774193548387097 0.20967741935483872 
0.1527777777777778 0.1527777777777778 0.3194444444444444 0.1388888888888889 0.2361111111111111 
0.17045454545454544 0.14772727272727273 0.1590909090909091 0.3068181818181818 0.2159090909090909 
0.16666666666666666 0.16666666666666666 0.25 0.18333333333333332 0.23333333333333334 
0.13829787234042554 0.2127659574468085 0.10638297872340426 0.26595744680851063 0.2765957446808511 
0.22794117647058823 0.22058823529411764 0.22794117647058823 0.22058823529411764 0.10294117647058823 
0.20588235294117646 0.17647058823529413 0.22058823529411764 0.20588235294117646 0.19117647058823528 
0.24096385542168675 0.1566265060240964 0.24096385542168675 0.1686746987951807 0.1927710843373494 
0.2 0.23529411764705882 0.23529411764705882 0.17647058823529413 0.15294117647058825 
0.18085106382978725 0.19148936170212766 0.20212765957446807 0.20212765957446807 0.22340425531914893 
0.16666666666666666 0.14285714285714285 0.27380952380952384 0.2619047619047619 0.15476190476190477 
0.12781954887218044 0.2932330827067669 0.12030075187969924 0.2631578947368421 0.19548872180451127 
0.136 0.32 0.144 0.2 0.2 
0.14666666666666667 0.14666666666666667 0.2 0.16 0.3466666666666667 
0.11827956989247312 0.12903225806451613 0.3333333333333333 0.17204301075268819 0.24731182795698925 
0.16455696202531644 0.25316455696202533 0.1518987341772152 0.25316455696202533 0.17721518987341772 
0.16470588235294117 0.21176470588235294 0.3411764705882353 0.1411764705882353 0.1411764705882353 
0.1650485436893204 0.18446601941747573 0.33980582524271846 0.17475728155339806 0.13592233009708737 
0.1728395061728395 0.1728395061728395 0.30864197530864196 0.16049382716049382 0.18518518518518517 
0.17567567567567569 0.16216216216216217 0.28378378378378377 0.14864864864864866 0.22972972972972974 
0.14102564102564102 0.20512820512820512 0.24358974358974358 0.1794871794871795 0.23076923076923078 
0.17543859649122806 0.17543859649122806 0.22807017543859648 0.17543859649122806 0.24561403508771928 
0.17567567567567569 0.17567567567567569 0.24324324324324326 0.24324324324324326 0.16216216216216217 
0.17142857142857143 0.1619047619047619 0.2571428571428571 0.26666666666666666 0.14285714285714285 
0.25396825396825395 0.1746031746031746 0.1746031746031746 0.2222222222222222 0.1746031746031746 
0.17177914110429449 0.2147239263803681 0.10429447852760736 0.19631901840490798 0.3128834355828221 
0.15702479338842976 0.2892561983471074 0.19008264462809918 0.2727272727272727 0.09090909090909091 
0.30456852791878175 0.2131979695431472 0.13705583756345177 0.19289340101522842 0.15228426395939088 
0.19672131147540983 0.19672131147540983 0.2459016393442623 0.13114754098360656 0.22950819672131148 
0.2318840579710145 0.15942028985507245 0.18840579710144928 0.18840579710144928 0.2318840579710145 
0.24050632911392406 0.3291139240506329 0.13924050632911392 0.13924050632911392 0.1518987341772152 
0.27710843373493976 0.1566265060240964 0.2289156626506024 0.14457831325301204 0.1927710843373494 
0.34497816593886466 0.13973799126637554 0.17467248908296942 0.2052401746724891 0.13537117903930132 
0.09900990099009901 0.16336633663366337 0.4158415841584158 0.16831683168316833 0.15346534653465346 
0.16666666666666666 0.16666666666666666 0.2976190476190476 0.17857142857142858 0.19047619047619047 
0.20634920634920634 0.19047619047619047 0.2222222222222222 0.20634920634920634 0.1746031746031746 
0.17543859649122806 0.17543859649122806 0.32748538011695905 0.1871345029239766 0.13450292397660818 
0.24210526315789474 0.22105263157894736 0.21052631578947367 0.18947368421052632 0.1368421052631579 
0.19310344827586207 0.1310344827586207 0.3586206896551724 0.1793103448275862 0.13793103448275862 
0.208955223880597 0.19402985074626866 0.23880597014925373 0.14925373134328357 0.208955223880597 
0.14705882352941177 0.19607843137254902 0.2647058823529412 0.1568627450980392 0.23529411764705882 
0.23333333333333334 0.16666666666666666 0.17777777777777778 0.14444444444444443 0.2777777777777778 
0.34951456310679613 0.1941747572815534 0.1650485436893204 0.1650485436893204 0.1262135922330097 
0.375 0.19166666666666668 0.175 0.13333333333333333 0.125 
0.30851063829787234 0.14893617021276595 0.18085106382978725 0.13829787234042554 0.22340425531914893 
0.18571428571428572 0.14285714285714285 0.2571428571428571 0.17142857142857143 0.24285714285714285 
0.33098591549295775 0.1267605633802817 0.22535211267605634 0.14084507042253522 0.176056338028169 
0.2631578947368421 0.17543859649122806 0.21052631578947367 0.17543859649122806 0.17543859649122806 
0.28735632183908044 0.16091954022988506 0.13793103448275862 0.19540229885057472 0.21839080459770116 
0.2903225806451613 0.1935483870967742 0.1827956989247312 0.11827956989247312 0.21505376344086022 
0.25 0.14285714285714285 0.15476190476190477 0.2976190476190476 0.15476190476190477 
0.2328767123287671 0.2191780821917808 0.1506849315068493 0.2465753424657534 0.1506849315068493 
0.2073170731707317 0.18292682926829268 0.18292682926829268 0.3048780487804878 0.12195121951219512 
0.17647058823529413 0.1568627450980392 0.14705882352941177 0.39215686274509803 0.12745098039215685 
0.1282051282051282 0.3076923076923077 0.13675213675213677 0.29914529914529914 0.1282051282051282 
0.13548387096774195 0.2645161290322581 0.17419354838709677 0.2967741935483871 0.12903225806451613 
0.1568627450980392 0.1568627450980392 0.30392156862745096 0.14705882352941177 0.23529411764705882 
0.25 0.1527777777777778 0.25 0.1388888888888889 0.20833333333333334 
0.16346153846153846 0.25 0.20192307692307693 0.15384615384615385 0.23076923076923078 
0.15527950310559005 0.34782608695652173 0.16770186335403728 0.19254658385093168 0.13664596273291926 
0.15841584158415842 0.18811881188118812 0.21782178217821782 0.1485148514851485 0.2871287128712871 
0.27380952380952384 0.15476190476190477 0.15476190476190477 0.2261904761904762 0.19047619047619047 
0.11702127659574468 0.14893617021276595 0.4574468085106383 0.1276595744680851 0.14893617021276595 
0.10256410256410256 0.1794871794871795 0.3247863247863248 0.1794871794871795 0.21367521367521367 
0.15053763440860216 0.15053763440860216 0.3333333333333333 0.11827956989247312 0.24731182795698925 
0.1797752808988764 0.16853932584269662 0.30337078651685395 0.15730337078651685 0.19101123595505617 
0.136986301369863 0.1917808219178082 0.1643835616438356 0.1643835616438356 0.3424657534246575 
0.2903225806451613 0.16129032258064516 0.16129032258064516 0.1774193548387097 0.20967741935483872 
0.27419354838709675 0.1935483870967742 0.1774193548387097 0.1774193548387097 0.1774193548387097 
0.16049382716049382 0.14814814814814814 0.2716049382716049 0.14814814814814814 0.2716049382716049 
0.19298245614035087 0.21052631578947367 0.21052631578947367 0.19298245614035087 0.19298245614035087 
0.23809523809523808 0.15873015873015872 0.1746031746031746 0.15873015873015872 0.2698412698412698 
0.22388059701492538 0.14925373134328357 0.23880597014925373 0.14925373134328357 0.23880597014925373 
0.15 0.19 0.29 0.19 0.18 
0.18055555555555555 0.19444444444444445 0.2222222222222222 0.2222222222222222 0.18055555555555555 
0.20512820512820512 0.19658119658119658 0.24786324786324787 0.1794871794871795 0.17094017094017094 
0.1702127659574468 0.13829787234042554 0.3617021276595745 0.13829787234042554 0.19148936170212766 
0.10091743119266056 0.21100917431192662 0.3211009174311927 0.1651376146788991 0.2018348623853211 
0.25 0.21 0.2 0.19 0.15 
0.17894736842105263 0.16842105263157894 0.37894736842105264 0.1368421052631579 0.1368421052631579 
0.09701492537313433 0.15671641791044777 0.4552238805970149 0.11194029850746269 0.1791044776119403 
0.20833333333333334 0.13541666666666666 0.3125 0.15625 0.1875 
0.19718309859154928 0.16901408450704225 0.28169014084507044 0.18309859154929578 0.16901408450704225 
0.13978494623655913 0.13978494623655913 0.3548387096774194 0.13978494623655913 0.22580645161290322 
0.20652173913043478 0.15217391304347827 0.358695652173913 0.14130434782608695 0.14130434782608695 
0.14285714285714285 0.19727891156462585 0.3741496598639456 0.17006802721088435 0.11564625850340136 
0.12087912087912088 0.16483516483516483 0.31868131868131866 0.21978021978021978 0.17582417582417584 
0.22123893805309736 0.19469026548672566 0.3274336283185841 0.12389380530973451 0.13274336283185842 
0.15789473684210525 0.13157894736842105 0.2807017543859649 0.16666666666666666 0.2631578947368421 
0.22448979591836735 0.12244897959183673 0.3945578231292517 0.12244897959183673 0.1360544217687075 
0.20454545454545456 0.14772727272727273 0.29545454545454547 0.17045454545454544 0.18181818181818182 
0.1375 0.15 0.3375 0.175 0.2 
0.13793103448275862 0.2672413793103448 0.3017241379310345 0.13793103448275862 0.15517241379310345 
0.14285714285714285 0.17142857142857143 0.34285714285714286 0.14285714285714285 0.2 
0.24166666666666667 0.25833333333333336 0.21666666666666667 0.13333333333333333 0.15 
0.23741007194244604 0.12949640287769784 0.2158273381294964 0.2733812949640288 0.14388489208633093 
0.18181818181818182 0.14285714285714285 0.37662337662337664 0.15584415584415584 0.14285714285714285 
0.3282442748091603 0.17557251908396945 0.21374045801526717 0.1297709923664122 0.15267175572519084 
0.3184713375796178 0.1592356687898089 0.1910828025477707 0.11464968152866242 0.21656050955414013 
0.3684210526315789 0.08771929824561403 0.20175438596491227 0.19298245614035087 0.14912280701754385 
0.2727272727272727 0.18181818181818182 0.18181818181818182 0.18181818181818182 0.18181818181818182 
0.2716049382716049 0.12345679012345678 0.2345679012345679 0.14814814814814814 0.2222222222222222 
0.16129032258064516 0.1774193548387097 0.27419354838709675 0.1774193548387097 0.20967741935483872 
0.17333333333333334 0.17333333333333334 0.21333333333333335 0.16 0.28 
0.13675213675213677 0.1794871794871795 0.3504273504273504 0.13675213675213677 0.19658119658119658 
0.15476190476190477 0.21428571428571427 0.27380952380952384 0.16666666666666666 0.19047619047619047 
0.19047619047619047 0.2619047619047619 0.2261904761904762 0.16666666666666666 0.15476190476190477 
0.16346153846153846 0.11538461538461539 0.375 0.125 0.22115384615384615 
0.15789473684210525 0.13157894736842105 0.2631578947368421 0.2631578947368421 0.18421052631578946 
0.24390243902439024 0.13414634146341464 0.35365853658536583 0.14634146341463414 0.12195121951219512 
0.18269230769230768 0.22115384615384615 0.18269230769230768 0.14423076923076922 0.2692307692307692 
0.3068181818181818 0.14772727272727273 0.17045454545454544 0.22727272727272727 0.14772727272727273 
0.21621621621621623 0.1891891891891892 0.25675675675675674 0.17567567567567569 0.16216216216216217 
0.2054794520547945 0.1917808219178082 0.1643835616438356 0.2602739726027397 0.1780821917808219 
0.20909090909090908 0.20909090909090908 0.14545454545454545 0.19090909090909092 0.24545454545454545 
0.1875 0.15 0.2875 0.1875 0.1875 
0.16161616161616163 0.16161616161616163 0.3434343434343434 0.1919191919191919 0.1414141414141414 
0.13414634146341464 0.25609756097560976 0.2804878048780488 0.12195121951219512 0.2073170731707317 
0.23863636363636365 0.20454545454545456 0.29545454545454547 0.13636363636363635 0.125 
0.17857142857142858 0.13095238095238096 0.34523809523809523 0.14285714285714285 0.20238095238095238 
0.20388349514563106 0.1941747572815534 0.30097087378640774 0.14563106796116504 0.1553398058252427 
0.16535433070866143 0.14173228346456693 0.3858267716535433 0.12598425196850394 0.18110236220472442 
0.14457831325301204 0.2289156626506024 0.30120481927710846 0.14457831325301204 0.18072289156626506 
0.17355371900826447 0.1652892561983471 0.24793388429752067 0.1487603305785124 0.2644628099173554 
0.18518518518518517 0.16049382716049382 0.19753086419753085 0.19753086419753085 0.25925925925925924 
0.17073170731707318 0.15853658536585366 0.1951219512195122 0.17073170731707318 0.3048780487804878 
0.1271186440677966 0.2711864406779661 0.1440677966101695 0.1864406779661017 0.2711864406779661 
0.19548872180451127 0.21052631578947367 0.17293233082706766 0.09774436090225563 0.3233082706766917 
0.18181818181818182 0.2 0.18181818181818182 0.18181818181818182 0.2545454545454545 
0.24444444444444444 0.2111111111111111 0.2 0.14444444444444443 0.2 
0.1875 0.1625 0.2125 0.2 0.2375 
0.16049382716049382 0.16049382716049382 0.38271604938271603 0.16049382716049382 0.13580246913580246 
0.0967741935483871 0.13978494623655913 0.46236559139784944 0.17204301075268819 0.12903225806451613 
0.22950819672131148 0.18032786885245902 0.22950819672131148 0.16393442622950818 0.19672131147540983 
0.12021857923497267 0.16939890710382513 0.14207650273224043 0.21311475409836064 0.3551912568306011 
0.12080536912751678 0.2483221476510067 0.19463087248322147 0.12080536912751678 0.31543624161073824 
0.1076923076923077 0.14615384615384616 0.19230769230769232 0.13076923076923078 0.4230769230769231 
0.1891891891891892 0.21621621621621623 0.17567567567567569 0.1891891891891892 0.22972972972972974 
0.1523809523809524 0.24761904761904763 0.23809523809523808 0.10476190476190476 0.2571428571428571 
0.21052631578947367 0.17543859649122806 0.21052631578947367 0.19298245614035087 0.21052631578947367 
0.15463917525773196 0.18556701030927836 0.35051546391752575 0.15463917525773196 0.15463917525773196 
0.2 0.13333333333333333 0.35555555555555557 0.14444444444444443 0.16666666666666666 
0.1774193548387097 0.20967741935483872 0.22580645161290322 0.1935483870967742 0.1935483870967742 
0.22916666666666666 0.15625 0.21875 0.2604166666666667 0.13541666666666666 
0.25925925925925924 0.20987654320987653 0.14814814814814814 0.20987654320987653 0.1728395061728395 
0.16346153846153846 0.27884615384615385 0.17307692307692307 0.22115384615384615 0.16346153846153846 
0.14893617021276595 0.20212765957446807 0.19148936170212766 0.2553191489361702 0.20212765957446807 
0.2828282828282828 0.15151515151515152 0.21212121212121213 0.20202020202020202 0.15151515151515152 
0.1553398058252427 0.1553398058252427 0.1650485436893204 0.32038834951456313 0.20388349514563106 
0.17763157894736842 0.20394736842105263 0.21052631578947367 0.29605263157894735 0.1118421052631579 
0.1322314049586777 0.1322314049586777 0.1652892561983471 0.371900826446281 0.19834710743801653 
0.13703703703703704 0.3962962962962963 0.08518518518518518 0.23333333333333334 0.14814814814814814 
0.14150943396226415 0.16037735849056603 0.18867924528301888 0.330188679245283 0.1792452830188679 
0.18095238095238095 0.18095238095238095 0.17142857142857143 0.34285714285714286 0.12380952380952381 
0.203125 0.1875 0.21875 0.203125 0.1875 
0.22058823529411764 0.17647058823529413 0.16176470588235295 0.23529411764705882 0.20588235294117646 
0.23121387283236994 0.1791907514450867 0.08670520231213873 0.3583815028901734 0.14450867052023122 
0.16774193548387098 0.18064516129032257 0.13548387096774195 0.38064516129032255 0.13548387096774195 
0.17592592592592593 0.18518518518518517 0.23148148148148148 0.25 0.1574074074074074 
0.22033898305084745 0.2033898305084746 0.22033898305084745 0.1864406779661017 0.1694915254237288 
0.25 0.18055555555555555 0.16666666666666666 0.2638888888888889 0.1388888888888889 
0.22115384615384615 0.17307692307692307 0.25961538461538464 0.20192307692307693 0.14423076923076922 
0.15849056603773584 0.15471698113207547 0.12452830188679245 0.4641509433962264 0.09811320754716982 
0.25 0.14705882352941177 0.17647058823529413 0.27941176470588236 0.14705882352941177 
0.15151515151515152 0.15151515151515152 0.21212121212121213 0.35353535353535354 0.13131313131313133 
0.1826086956521739 0.2 0.2782608695652174 0.1826086956521739 0.1565217391304348 
0.25263157894736843 0.14736842105263157 0.18947368421052632 0.22105263157894736 0.18947368421052632 
0.24050632911392406 0.21518987341772153 0.189873417721519 0.189873417721519 0.16455696202531644 
0.20987654320987653 0.1728395061728395 0.19753086419753085 0.2345679012345679 0.18518518518518517 
0.3655913978494624 0.10752688172043011 0.1935483870967742 0.20430107526881722 0.12903225806451613 
0.23684210526315788 0.15789473684210525 0.15789473684210525 0.2894736842105263 0.15789473684210525 
0.18823529411764706 0.17647058823529413 0.23529411764705882 0.24705882352941178 0.15294117647058825 
0.17647058823529413 0.3058823529411765 0.2 0.17647058823529413 0.1411764705882353 
0.1282051282051282 0.19230769230769232 0.2692307692307692 0.23076923076923078 0.1794871794871795 
0.16279069767441862 0.18604651162790697 0.26356589147286824 0.15503875968992248 0.23255813953488372 
0.1391304347826087 0.24347826086956523 0.21739130434782608 0.20869565217391303 0.19130434782608696 
0.20634920634920634 0.1746031746031746 0.15873015873015872 0.2698412698412698 0.19047619047619047 
0.16489361702127658 0.23404255319148937 0.11170212765957446 0.2074468085106383 0.28191489361702127 
0.256 0.136 0.192 0.152 0.264 
0.14285714285714285 0.15384615384615385 0.27472527472527475 0.15384615384615385 0.27472527472527475 
0.1927710843373494 0.27710843373493976 0.1566265060240964 0.1927710843373494 0.18072289156626506 
0.1826086956521739 0.21739130434782608 0.2 0.1826086956521739 0.21739130434782608 
0.23880597014925373 0.22388059701492538 0.1791044776119403 0.1791044776119403 0.1791044776119403 
0.2152777777777778 0.2361111111111111 0.11805555555555555 0.24305555555555555 0.1875 
0.3176470588235294 0.15294117647058825 0.23529411764705882 0.1411764705882353 0.15294117647058825 
0.308411214953271 0.1588785046728972 0.19626168224299065 0.1308411214953271 0.205607476635514 
0.30952380952380953 0.19047619047619047 0.16666666666666666 0.17857142857142858 0.15476190476190477 
0.2413793103448276 0.22988505747126436 0.21839080459770116 0.16091954022988506 0.14942528735632185 
0.16161616161616163 0.16161616161616163 0.2828282828282828 0.1414141414141414 0.25252525252525254 
0.15853658536585366 0.18292682926829268 0.25609756097560976 0.15853658536585366 0.24390243902439024 
0.1917808219178082 0.1506849315068493 0.2191780821917808 0.1780821917808219 0.2602739726027397 
0.1794871794871795 0.1794871794871795 0.24358974358974358 0.1794871794871795 0.21794871794871795 
0.22916666666666666 0.16666666666666666 0.20833333333333334 0.19791666666666666 0.19791666666666666 
0.21739130434782608 0.17391304347826086 0.17391304347826086 0.21739130434782608 0.21739130434782608 
0.21176470588235294 0.2 0.18823529411764706 0.15294117647058825 0.24705882352941178 
0.20689655172413793 0.13793103448275862 0.3103448275862069 0.14655172413793102 0.19827586206896552 
0.16666666666666666 0.2692307692307692 0.16666666666666666 0.2564102564102564 0.14102564102564102 
0.17117117117117117 0.13513513513513514 0.15315315315315314 0.44144144144144143 0.0990990990990991 
0.2054794520547945 0.136986301369863 0.2191780821917808 0.2328767123287671 0.2054794520547945 
0.18840579710144928 0.18840579710144928 0.18840579710144928 0.2608695652173913 0.17391304347826086 
0.20481927710843373 0.1927710843373494 0.18072289156626506 0.2289156626506024 0.1927710843373494 
0.21666666666666667 0.18333333333333332 0.18333333333333332 0.23333333333333334 0.18333333333333332 
